6.988053e-01 3.314901e-03 3.071263e-03 2.791204e-05
7.054351e-01 3.355033e-03 3.116867e-03 2.585970e-05
7.122254e-01 3.436179e-03 3.134379e-03 2.502180e-05
7.191798e-01 3.522956e-03 3.158824e-03 2.403797e-05
7.263173e-01 3.616101e-03 3.092071e-03 2.205159e-05
7.336442e-01 3.707605e-03 2.948165e-03 1.997090e-05
7.411477e-01 3.802782e-03 2.975070e-03 1.859907e-05
7.488554e-01 3.904048e-03 2.987403e-03 1.778737e-05
7.567639e-01 4.004996e-03 2.931895e-03 1.752237e-05
7.648754e-01 4.111680e-03 2.995202e-03 1.778414e-05
7.732106e-01 4.221667e-03 3.006866e-03 1.785053e-05
7.817620e-01 4.333283e-03 2.978234e-03 1.714086e-05
7.905437e-01 4.451569e-03 2.950162e-03 1.628116e-05
7.995683e-01 4.570835e-03 2.898453e-03 1.566703e-05
8.088271e-01 4.693377e-03 2.872374e-03 1.524582e-05
8.183418e-01 4.823576e-03 2.823871e-03 1.493093e-05
8.281214e-01 4.955354e-03 2.840905e-03 1.483785e-05
8.381632e-01 5.088903e-03 2.934442e-03 1.501065e-05
8.484770e-01 5.227099e-03 3.054398e-03 1.501686e-05
8.590716e-01 5.369522e-03 3.006871e-03 1.474226e-05
8.699551e-01 5.515737e-03 2.958939e-03 1.430262e-05
8.811346e-01 5.665333e-03 2.917605e-03 1.381381e-05
8.926164e-01 5.817862e-03 2.948898e-03 1.339549e-05
9.044060e-01 5.972854e-03 2.893544e-03 1.300007e-05
9.165078e-01 6.129880e-03 2.788530e-03 1.264335e-05
9.289255e-01 6.293065e-03 2.848177e-03 1.237858e-05
9.416801e-01 6.458096e-03 2.820322e-03 1.209708e-05
9.547579e-01 6.621378e-03 2.823105e-03 1.177785e-05
9.681656e-01 6.789474e-03 2.825723e-03 1.146924e-05
9.819158e-01 6.958149e-03 2.809891e-03 1.115880e-05
9.959982e-01 7.126599e-03 2.843082e-03 1.087131e-05
1.010422e+00 7.297248e-03 2.830153e-03 1.058357e-05
1.025187e+00 7.466014e-03 2.835332e-03 1.028198e-05
1.040286e+00 7.633161e-03 2.791864e-03 9.989488e-06
1.055720e+00 7.800891e-03 2.765825e-03 9.728877e-06
1.071490e+00 7.966972e-03 2.747575e-03 9.506612e-06
1.087588e+00 8.129174e-03 2.723333e-03 9.263890e-06
1.104007e+00 8.287952e-03 2.768749e-03 9.027414e-06
1.120740e+00 8.442904e-03 2.789952e-03 8.855177e-06
1.137778e+00 8.594074e-03 2.805968e-03 8.707982e-06
1.155116e+00 8.740543e-03 2.795386e-03 8.522501e-06
1.172740e+00 8.880560e-03 2.815011e-03 8.368083e-06
1.190638e+00 9.013873e-03 2.796287e-03 8.269597e-06
1.208796e+00 9.141442e-03 2.738200e-03 8.161510e-06
1.227204e+00 9.262523e-03 2.717898e-03 8.066316e-06
1.245846e+00 9.375197e-03 2.720661e-03 8.003534e-06
1.264705e+00 9.481103e-03 2.687578e-03 7.977364e-06
1.283770e+00 9.578937e-03 2.696425e-03 7.974691e-06
1.303020e+00 9.668802e-03 2.702920e-03 7.989191e-06
1.322446e+00 9.750840e-03 2.746982e-03 8.029927e-06
1.342024e+00 9.824426e-03 2.823373e-03 8.077427e-06
1.361743e+00 9.890437e-03 2.846191e-03 8.111999e-06
1.381585e+00 9.948051e-03 2.856743e-03 8.157486e-06
1.401535e+00 9.998392e-03 2.868396e-03 8.233190e-06
1.421579e+00 1.004111e-02 2.854068e-03 8.287050e-06
1.441700e+00 1.007627e-02 2.859840e-03 8.301968e-06
1.461884e+00 1.010465e-02 2.813972e-03 8.316596e-06
1.482118e+00 1.012621e-02 2.807167e-03 8.369416e-06
1.502389e+00 1.014123e-02 2.793317e-03 8.427851e-06
1.522683e+00 1.015027e-02 2.788073e-03 8.451210e-06
1.542990e+00 1.015353e-02 2.768475e-03 8.455356e-06
1.563298e+00 1.015145e-02 2.777394e-03 8.441752e-06
1.583596e+00 1.014432e-02 2.735718e-03 8.424997e-06
1.603875e+00 1.013244e-02 2.761213e-03 8.451154e-06
1.624126e+00 1.011633e-02 2.769703e-03 8.494185e-06
1.644340e+00 1.009602e-02 2.784994e-03 8.501400e-06
1.664510e+00 1.007198e-02 2.771636e-03 8.547730e-06
1.684628e+00 1.004484e-02 2.770317e-03 8.662492e-06
1.704689e+00 1.001435e-02 2.796598e-03 8.823112e-06
1.724685e+00 9.981031e-03 2.801242e-03 8.974329e-06
1.744613e+00 9.945423e-03 2.816344e-03 9.101486e-06
1.764467e+00 9.907178e-03 2.867247e-03 9.236515e-06
1.784242e+00 9.867126e-03 2.840546e-03 9.413831e-06
1.803936e+00 9.825133e-03 2.845759e-03 9.608976e-06
1.823542e+00 9.781469e-03 2.832362e-03 9.780647e-06
1.843062e+00 9.736550e-03 2.830560e-03 9.912121e-06
1.862489e+00 9.690178e-03 2.843373e-03 1.001014e-05
1.881822e+00 9.642855e-03 2.821940e-03 1.007209e-05
1.901060e+00 9.594587e-03 2.795282e-03 1.012491e-05
1.920201e+00 9.545396e-03 2.800730e-03 1.025124e-05
1.939242e+00 9.495679e-03 2.780144e-03 1.042059e-05
1.958183e+00 9.445263e-03 2.775448e-03 1.055406e-05
1.977023e+00 9.394547e-03 2.761374e-03 1.073446e-05
1.995762e+00 9.343273e-03 2.770065e-03 1.082479e-05
2.014396e+00 9.291720e-03 2.795675e-03 1.078613e-05
2.032928e+00 9.240607e-03 2.759065e-03 1.079557e-05
2.051358e+00 9.188722e-03 2.741001e-03 1.089900e-05
2.069683e+00 9.136931e-03 2.753088e-03 1.107509e-05
2.087906e+00 9.085712e-03 2.732678e-03 1.119791e-05
2.106026e+00 9.033974e-03 2.715829e-03 1.120269e-05
2.124042e+00 8.982279e-03 2.742743e-03 1.118858e-05
2.141955e+00 8.931325e-03 2.726288e-03 1.120074e-05
2.159767e+00 8.880599e-03 2.751278e-03 1.124427e-05
2.177478e+00 8.829606e-03 2.773116e-03 1.131062e-05
2.195086e+00 8.778875e-03 2.773944e-03 1.138873e-05
2.212593e+00 8.728933e-03 2.775619e-03 1.146492e-05
2.230001e+00 8.679292e-03 2.751899e-03 1.153205e-05
2.247310e+00 8.629901e-03 2.776571e-03 1.157763e-05
2.264521e+00 8.580974e-03 2.773634e-03 1.164949e-05
2.281634e+00 8.532300e-03 2.717346e-03 1.179924e-05
2.298650e+00 8.483857e-03 2.771907e-03 1.200924e-05
2.315570e+00 8.435967e-03 2.776538e-03 1.223191e-05
2.332394e+00 8.388694e-03 2.756296e-03 1.245531e-05
2.349124e+00 8.341906e-03 2.779385e-03 1.262935e-05
2.365762e+00 8.295463e-03 2.777334e-03 1.272930e-05
2.382306e+00 8.249479e-03 2.792674e-03 1.285660e-05
2.398760e+00 8.203976e-03 2.798464e-03 1.299661e-05
2.415122e+00 8.158980e-03 2.778316e-03 1.316892e-05
2.431395e+00 8.114490e-03 2.795031e-03 1.345731e-05
2.447580e+00 8.070386e-03 2.753626e-03 1.380207e-05
2.463677e+00 8.026704e-03 2.784566e-03 1.412997e-05
2.479687e+00 7.983401e-03 2.786112e-03 1.447743e-05
2.495611e+00 7.940627e-03 2.721911e-03 1.485516e-05
2.511449e+00 7.898549e-03 2.743859e-03 1.518199e-05
2.527205e+00 7.857001e-03 2.752833e-03 1.529747e-05
2.542877e+00 7.815875e-03 2.812673e-03 1.532381e-05
2.558468e+00 7.775201e-03 2.766658e-03 1.542002e-05
2.573978e+00 7.734753e-03 2.788554e-03 1.536184e-05
2.589407e+00 7.694628e-03 2.784988e-03 1.512709e-05
2.604757e+00 7.655246e-03 2.766937e-03 1.502297e-05
2.620028e+00 7.616559e-03 2.755028e-03 1.517571e-05
2.635223e+00 7.578279e-03 2.732713e-03 1.537441e-05
2.650341e+00 7.539885e-03 2.738881e-03 1.554260e-05
2.665383e+00 7.502071e-03 2.717118e-03 1.560569e-05
2.680350e+00 7.465296e-03 2.797245e-03 1.550800e-05
2.695244e+00 7.428505e-03 2.764773e-03 1.552734e-05
2.710064e+00 7.391873e-03 2.759296e-03 1.578820e-05
2.724811e+00 7.356213e-03 2.783620e-03 1.605013e-05
2.739489e+00 7.320856e-03 2.741242e-03 1.613930e-05
2.754095e+00 7.285455e-03 2.778844e-03 1.619785e-05
2.768630e+00 7.250950e-03 2.751807e-03 1.645381e-05
2.783098e+00 7.216673e-03 2.749949e-03 1.685912e-05
2.797497e+00 7.182591e-03 2.798584e-03 1.719523e-05
2.811829e+00 7.149394e-03 2.754001e-03 1.737201e-05
2.826095e+00 7.116032e-03 2.740770e-03 1.734001e-05
2.840293e+00 7.083335e-03 2.732248e-03 1.735187e-05
2.854428e+00 7.051029e-03 2.754333e-03 1.755363e-05
2.868497e+00 7.018899e-03 2.714292e-03 1.774131e-05
2.882504e+00 6.987337e-03 2.732874e-03 1.783239e-05
2.896446e+00 6.955948e-03 2.711263e-03 1.794147e-05
2.910327e+00 6.925075e-03 2.707396e-03 1.812397e-05
2.924147e+00 6.894470e-03 2.732881e-03 1.843498e-05
2.937905e+00 6.864204e-03 2.725615e-03 1.878932e-05
2.951604e+00 6.834310e-03 2.712679e-03 1.890951e-05
2.965242e+00 6.804700e-03 2.724289e-03 1.884934e-05
2.978822e+00 6.775463e-03 2.739857e-03 1.890614e-05
2.992344e+00 6.746372e-03 2.730682e-03 1.906652e-05
3.005808e+00 6.717935e-03 2.762640e-03 1.926516e-05
3.019216e+00 6.689510e-03 2.726257e-03 1.937705e-05
3.032566e+00 6.661347e-03 2.755110e-03 1.950006e-05
3.045861e+00 6.633710e-03 2.681458e-03 1.963758e-05
3.059101e+00 6.606112e-03 2.711844e-03 1.964081e-05
3.072286e+00 6.579294e-03 2.727249e-03 1.966017e-05
3.085418e+00 6.552201e-03 2.718048e-03 1.981250e-05
3.098495e+00 6.525589e-03 2.728912e-03 2.003094e-05
3.111520e+00 6.499531e-03 2.742795e-03 2.025397e-05
3.124493e+00 6.473222e-03 2.752967e-03 2.031898e-05
3.137413e+00 6.447604e-03 2.746594e-03 2.030068e-05
3.150283e+00 6.422223e-03 2.802042e-03 2.040096e-05
3.163102e+00 6.396810e-03 2.802142e-03 2.058870e-05
3.175870e+00 6.372037e-03 2.792745e-03 2.069776e-05
3.188590e+00 6.347381e-03 2.720580e-03 2.072197e-05
3.201260e+00 6.322633e-03 2.744662e-03 2.075828e-05
3.213881e+00 6.298524e-03 2.763740e-03 2.083280e-05
3.226454e+00 6.274938e-03 2.744227e-03 2.100171e-05
3.238980e+00 6.250889e-03 2.728060e-03 2.109016e-05
3.251458e+00 6.227082e-03 2.790850e-03 2.104389e-05
3.263889e+00 6.204142e-03 2.777435e-03 2.100606e-05
3.276274e+00 6.181374e-03 2.774036e-03 2.106726e-05
3.288614e+00 6.158279e-03 2.693541e-03 2.117241e-05
3.300907e+00 6.135419e-03 2.761907e-03 2.123894e-05
3.313156e+00 6.113274e-03 2.790719e-03 2.135146e-05
3.325360e+00 6.091349e-03 2.811901e-03 2.149048e-05
3.337521e+00 6.069335e-03 2.772407e-03 2.159906e-05
3.349638e+00 6.047345e-03 2.762298e-03 2.162789e-05
3.361711e+00 6.025803e-03 2.733477e-03 2.165355e-05
3.373741e+00 6.004661e-03 2.743617e-03 2.184419e-05
3.385729e+00 5.983688e-03 2.746756e-03 2.214438e-05
3.397676e+00 5.962839e-03 2.727589e-03 2.234617e-05
3.409581e+00 5.941911e-03 2.730982e-03 2.227126e-05
3.421443e+00 5.921158e-03 2.716101e-03 2.217102e-05
3.433265e+00 5.900876e-03 2.731995e-03 2.221635e-05
3.445047e+00 5.880799e-03 2.742193e-03 2.238382e-05
3.456789e+00 5.860871e-03 2.751200e-03 2.255318e-05
3.468490e+00 5.841115e-03 2.753020e-03 2.261263e-05
3.480153e+00 5.821571e-03 2.731147e-03 2.267676e-05
3.491777e+00 5.802011e-03 2.724272e-03 2.283322e-05
3.503361e+00 5.782557e-03 2.728989e-03 2.304232e-05
3.514907e+00 5.763496e-03 2.723223e-03 2.322164e-05
3.526415e+00 5.744621e-03 2.777233e-03 2.323758e-05
3.537885e+00 5.725853e-03 2.735429e-03 2.323815e-05
3.549318e+00 5.707304e-03 2.707841e-03 2.334694e-05
3.560715e+00 5.688882e-03 2.758735e-03 2.349608e-05
3.572074e+00 5.670568e-03 2.687486e-03 2.368398e-05
3.583397e+00 5.652472e-03 2.716337e-03 2.380735e-05
3.594684e+00 5.634520e-03 2.677936e-03 2.378264e-05
3.605935e+00 5.616662e-03 2.708007e-03 2.377628e-05
3.617150e+00 5.598996e-03 2.701948e-03 2.391611e-05
3.628331e+00 5.581504e-03 2.693737e-03 2.410247e-05
3.639477e+00 5.564132e-03 2.682336e-03 2.423138e-05
3.650587e+00 5.546909e-03 2.682919e-03 2.433667e-05
3.661664e+00 5.529856e-03 2.722712e-03 2.438873e-05
3.672707e+00 5.512864e-03 2.698063e-03 2.437682e-05
3.683716e+00 5.496065e-03 2.710109e-03 2.448649e-05
3.694691e+00 5.479441e-03 2.714149e-03 2.469871e-05
3.705633e+00 5.462824e-03 2.706158e-03 2.486608e-05
3.716542e+00 5.446399e-03 2.673180e-03 2.492219e-05
3.727419e+00 5.430215e-03 2.703785e-03 2.497537e-05
3.738263e+00 5.414056e-03 2.642788e-03 2.508385e-05
3.749075e+00 5.398063e-03 2.684836e-03 2.520191e-05
3.759856e+00 5.382232e-03 2.613371e-03 2.533960e-05
3.770604e+00 5.366442e-03 2.656104e-03 2.545587e-05
3.781321e+00 5.350896e-03 2.678878e-03 2.550824e-05
3.792008e+00 5.335373e-03 2.661855e-03 2.557528e-05
3.802663e+00 5.319974e-03 2.697476e-03 2.573580e-05
3.813288e+00 5.304748e-03 2.626624e-03 2.593940e-05
3.823882e+00 5.289566e-03 2.625467e-03 2.614608e-05
3.834446e+00 5.274631e-03 2.660483e-03 2.634557e-05
3.844980e+00 5.259801e-03 2.671650e-03 2.649378e-05
3.855485e+00 5.245000e-03 2.671583e-03 2.660248e-05
3.865960e+00 5.230246e-03 2.653872e-03 2.663219e-05
3.876406e+00 5.215512e-03 2.648170e-03 2.670215e-05
3.886822e+00 5.201052e-03 2.673742e-03 2.691270e-05
3.897210e+00 5.186719e-03 2.678167e-03 2.719468e-05
3.907569e+00 5.172453e-03 2.658152e-03 2.739550e-05
3.917900e+00 5.158434e-03 2.630082e-03 2.744867e-05
3.928203e+00 5.144520e-03 2.625450e-03 2.739596e-05
3.938478e+00 5.130641e-03 2.628713e-03 2.743166e-05
3.948726e+00 5.116651e-03 2.656791e-03 2.758795e-05
3.958945e+00 5.102730e-03 2.602334e-03 2.776931e-05
3.969136e+00 5.089150e-03 2.611348e-03 2.791502e-05
3.979301e+00 5.075686e-03 2.671959e-03 2.807777e-05
3.989439e+00 5.062279e-03 2.613972e-03 2.825148e-05
3.999550e+00 5.049049e-03 2.651117e-03 2.834863e-05
4.009635e+00 5.035851e-03 2.635810e-03 2.842216e-05
4.019694e+00 5.022456e-03 2.623007e-03 2.854553e-05
4.029725e+00 5.009214e-03 2.607599e-03 2.865864e-05
4.039731e+00 4.996400e-03 2.614330e-03 2.879428e-05
4.049711e+00 4.983654e-03 2.617659e-03 2.903391e-05
4.059665e+00 4.971022e-03 2.577784e-03 2.931647e-05
4.069595e+00 4.958192e-03 2.681123e-03 2.953596e-05
4.079498e+00 4.945282e-03 2.661520e-03 2.966691e-05
4.089376e+00 4.932924e-03 2.560347e-03 2.975217e-05
4.099230e+00 4.920652e-03 2.587517e-03 2.981702e-05
4.109059e+00 4.908380e-03 2.640463e-03 2.994571e-05
4.118863e+00 4.895936e-03 2.632887e-03 3.010103e-05
4.128642e+00 4.883549e-03 2.629795e-03 3.026840e-05
4.138398e+00 4.871621e-03 2.637847e-03 3.046601e-05
4.148129e+00 4.859703e-03 2.572247e-03 3.060871e-05
4.157836e+00 4.847684e-03 2.621895e-03 3.076268e-05
4.167520e+00 4.835672e-03 2.654081e-03 3.095732e-05
4.177179e+00 4.823970e-03 2.643060e-03 3.108629e-05
4.186816e+00 4.812527e-03 2.691377e-03 3.119698e-05
4.196429e+00 4.800727e-03 2.665841e-03 3.135973e-05
4.206018e+00 4.788960e-03 2.701138e-03 3.150427e-05
4.215585e+00 4.777585e-03 2.702298e-03 3.165718e-05
4.225129e+00 4.766447e-03 2.678494e-03 3.177686e-05
4.234651e+00 4.754965e-03 2.694642e-03 3.185876e-05
4.244149e+00 4.743439e-03 2.723698e-03 3.203464e-05
4.253624e+00 4.732545e-03 2.691536e-03 3.223480e-05
4.263079e+00 4.721429e-03 2.725980e-03 3.235143e-05
4.272510e+00 4.710073e-03 2.749973e-03 3.249715e-05
4.281919e+00 4.699175e-03 2.714841e-03 3.281973e-05
4.291307e+00 4.688578e-03 2.687869e-03 3.341316e-05
4.300673e+00 4.677608e-03 2.636624e-03 3.403950e-05
4.310017e+00 4.666584e-03 2.757176e-03 3.422435e-05
4.319340e+00 4.656146e-03 2.716999e-03 3.411243e-05
4.328642e+00 4.645555e-03 2.629151e-03 3.416495e-05
4.337922e+00 4.634693e-03 2.671949e-03 3.436162e-05
4.347181e+00 4.624395e-03 2.607433e-03 3.473608e-05
4.356420e+00 4.613993e-03 2.657638e-03 3.513082e-05
4.365637e+00 4.603396e-03 2.669323e-03 3.538773e-05
4.374833e+00 4.593160e-03 2.678930e-03 3.557804e-05
4.384009e+00 4.583015e-03 2.683704e-03 3.564317e-05
4.393165e+00 4.572648e-03 2.679877e-03 3.592623e-05
4.402300e+00 4.562565e-03 2.574729e-03 3.663245e-05
4.411415e+00 4.552646e-03 2.610810e-03 3.727987e-05
4.420510e+00 4.542414e-03 2.700542e-03 3.730539e-05
4.429585e+00 4.532590e-03 2.660902e-03 3.707433e-05
4.438641e+00 4.522716e-03 2.677300e-03 3.700130e-05
4.447676e+00 4.512747e-03 2.608111e-03 3.709490e-05
4.456692e+00 4.503192e-03 2.616913e-03 3.729826e-05
4.465689e+00 4.493365e-03 2.602512e-03 3.744443e-05
4.474665e+00 4.483546e-03 2.617327e-03 3.751417e-05
4.483623e+00 4.474216e-03 2.619352e-03 3.766376e-05
4.492562e+00 4.464499e-03 2.525719e-03 3.792423e-05
4.501481e+00 4.454949e-03 2.666320e-03 3.812879e-05
4.510382e+00 4.445619e-03 2.617946e-03 3.815386e-05
4.519263e+00 4.436024e-03 2.669696e-03 3.825964e-05
4.528126e+00 4.426981e-03 2.612407e-03 3.863340e-05
4.536971e+00 4.417500e-03 2.615594e-03 3.910965e-05
4.545796e+00 4.408121e-03 2.561855e-03 3.933303e-05
4.554604e+00 4.399137e-03 2.613329e-03 3.926554e-05
4.563393e+00 4.389868e-03 2.617144e-03 3.936353e-05
4.572163e+00 4.380988e-03 2.607506e-03 3.956900e-05
4.580917e+00 4.371838e-03 2.575006e-03 3.960287e-05
4.589651e+00 4.362785e-03 2.574802e-03 3.955483e-05
4.598368e+00 4.354016e-03 2.573977e-03 3.966529e-05
4.607067e+00 4.345053e-03 2.540129e-03 3.999603e-05
4.615748e+00 4.336399e-03 2.620269e-03 4.030782e-05
4.624412e+00 4.327453e-03 2.650429e-03 4.031965e-05
4.633058e+00 4.318791e-03 2.556138e-03 4.048054e-05
4.641687e+00 4.310106e-03 2.578152e-03 4.092918e-05
4.650298e+00 4.301329e-03 2.579039e-03 4.131092e-05
4.658893e+00 4.292825e-03 2.604280e-03 4.164419e-05
4.667469e+00 4.284143e-03 2.653491e-03 4.188797e-05
4.676029e+00 4.275827e-03 2.565609e-03 4.183278e-05
4.684573e+00 4.267321e-03 2.675304e-03 4.162426e-05
4.693099e+00 4.258987e-03 2.573778e-03 4.167407e-05
4.701609e+00 4.250507e-03 2.607730e-03 4.209045e-05
4.710101e+00 4.242231e-03 2.648917e-03 4.255029e-05
4.718578e+00 4.233885e-03 2.631529e-03 4.264320e-05
4.727036e+00 4.225586e-03 2.670800e-03 4.235854e-05
4.735480e+00 4.217452e-03 2.566350e-03 4.199226e-05
4.743906e+00 4.209256e-03 2.606638e-03 4.198855e-05
4.752317e+00 4.201205e-03 2.563218e-03 4.255806e-05
4.760711e+00 4.193110e-03 2.664495e-03 4.315906e-05
4.769089e+00 4.185140e-03 2.630379e-03 4.351986e-05
4.777451e+00 4.177146e-03 2.597063e-03 4.382078e-05
4.785798e+00 4.169256e-03 2.639815e-03 4.379090e-05
4.794128e+00 4.161343e-03 2.612771e-03 4.372854e-05
4.802443e+00 4.153438e-03 2.689165e-03 4.399191e-05
4.810742e+00 4.145560e-03 2.762602e-03 4.392600e-05
4.819026e+00 4.137829e-03 2.565484e-03 4.368910e-05
4.827293e+00 4.130109e-03 2.568605e-03 4.373824e-05
4.835546e+00 4.122360e-03 2.606071e-03 4.369847e-05
4.843783e+00 4.114676e-03 2.660047e-03 4.377261e-05
4.852005e+00 4.107099e-03 2.649656e-03 4.424502e-05
4.860211e+00 4.099505e-03 2.644419e-03 4.461343e-05
4.868403e+00 4.091910e-03 2.584737e-03 4.467199e-05
4.876579e+00 4.084458e-03 2.623173e-03 4.470609e-05
4.884741e+00 4.076938e-03 2.548330e-03 4.485846e-05
4.892887e+00 4.069516e-03 2.631964e-03 4.520789e-05
4.901019e+00 4.062071e-03 2.599581e-03 4.540981e-05
4.909135e+00 4.054740e-03 2.581043e-03 4.530578e-05
4.917238e+00 4.047367e-03 2.654742e-03 4.543611e-05
4.925324e+00 4.040125e-03 2.547762e-03 4.599251e-05
4.933398e+00 4.032825e-03 2.562066e-03 4.622288e-05
4.941456e+00 4.025610e-03 2.596336e-03 4.594077e-05
4.949501e+00 4.018381e-03 2.564782e-03 4.603291e-05
4.957529e+00 4.011173e-03 2.688660e-03 4.652819e-05
4.965545e+00 4.004116e-03 2.509439e-03 4.687547e-05
4.973546e+00 3.996965e-03 2.610111e-03 4.694951e-05
4.981533e+00 3.989958e-03 2.646288e-03 4.677037e-05
4.989506e+00 3.982854e-03 2.608367e-03 4.676876e-05
4.997465e+00 3.975969e-03 2.523305e-03 4.711705e-05
5.005409e+00 3.968934e-03 2.555521e-03 4.757006e-05
5.013340e+00 3.962096e-03 2.534270e-03 4.786798e-05
5.021258e+00 3.955085e-03 2.599373e-03 4.795392e-05
5.029161e+00 3.948185e-03 2.609674e-03 4.801591e-05
5.037051e+00 3.941430e-03 2.651969e-03 4.816285e-05
5.044926e+00 3.934524e-03 2.591449e-03 4.855401e-05
5.052789e+00 3.927863e-03 2.609680e-03 4.932410e-05
5.060638e+00 3.921061e-03 2.611689e-03 4.976638e-05
5.068473e+00 3.914502e-03 2.611579e-03 4.961492e-05
5.076296e+00 3.907691e-03 2.640820e-03 4.983534e-05
5.084104e+00 3.900978e-03 2.583183e-03 5.033853e-05
5.091900e+00 3.894458e-03 2.655491e-03 5.080158e-05
5.099682e+00 3.887736e-03 2.561529e-03 5.091828e-05
5.107451e+00 3.881388e-03 2.668539e-03 5.078990e-05
5.115207e+00 3.874697e-03 2.662755e-03 5.101665e-05
5.122949e+00 3.868299e-03 2.702869e-03 5.145483e-05
5.130680e+00 3.861811e-03 2.634370e-03 5.161899e-05
5.138397e+00 3.855229e-03 2.607490e-03 5.188904e-05
5.146101e+00 3.848954e-03 2.661076e-03 5.241572e-05
5.153793e+00 3.842439e-03 2.658788e-03 5.274465e-05
5.161471e+00 3.836219e-03 2.608055e-03 5.323172e-05
5.169137e+00 3.829885e-03 2.663579e-03 5.339454e-05
5.176790e+00 3.823426e-03 2.699718e-03 5.331248e-05
5.184431e+00 3.817334e-03 2.768192e-03 5.352035e-05
5.192060e+00 3.810936e-03 2.606050e-03 5.387006e-05
5.199675e+00 3.804695e-03 2.576555e-03 5.445110e-05
5.207279e+00 3.798578e-03 2.672433e-03 5.530179e-05
5.214869e+00 3.792260e-03 2.676649e-03 5.687855e-05
5.222448e+00 3.786467e-03 2.673269e-03 5.746846e-05
5.230015e+00 3.780213e-03 2.557286e-03 5.605742e-05
5.237568e+00 3.773989e-03 2.739804e-03 5.531292e-05
5.245111e+00 3.768106e-03 2.733309e-03 5.586139e-05
5.252641e+00 3.761858e-03 2.758976e-03 5.687521e-05
5.260158e+00 3.755872e-03 2.691872e-03 5.841504e-05
5.267664e+00 3.749986e-03 2.684696e-03 6.023946e-05
5.275158e+00 3.743898e-03 2.746057e-03 6.028988e-05
5.282640e+00 3.738135e-03 2.529730e-03 5.943650e-05
5.290111e+00 3.732221e-03 2.605326e-03 5.961334e-05
5.297569e+00 3.728985e-03 2.692876e-03 6.056150e-05
