5.2975687981e+00 3.7289850879e-03 2.4125408381e-03 4.2824300181e-05
5.2901110649e+00 3.7322209682e-03 2.4196091108e-03 4.2154169932e-05
5.2826399803e+00 3.7381350994e-03 2.4161252659e-03 4.2027870222e-05
5.2751579285e+00 3.7438978907e-03 2.4212663993e-03 4.2630119424e-05
5.2676639557e+00 3.7499859463e-03 2.4329035077e-03 4.2591531383e-05
5.2601580620e+00 3.7558719050e-03 2.4228421971e-03 4.1305309423e-05
5.2526412010e+00 3.7618579809e-03 2.4233991280e-03 4.0216709749e-05
5.2451109886e+00 3.7681059912e-03 2.4225146044e-03 3.9500249841e-05
5.2375679016e+00 3.7739889231e-03 2.4210372940e-03 3.9113871026e-05
5.2300148010e+00 3.7802129518e-03 2.4193539284e-03 3.9639890019e-05
5.2224478722e+00 3.7864670157e-03 2.4305363186e-03 4.0630078729e-05
5.2148690224e+00 3.7922600750e-03 2.4353130721e-03 4.0218430513e-05
5.2072792053e+00 3.7985779345e-03 2.4231215939e-03 3.9105179894e-05
5.1996750832e+00 3.8046950940e-03 2.4186081719e-03 3.8503851101e-05
5.1920599937e+00 3.8109358866e-03 2.4110376835e-03 3.8093188778e-05
5.1844310760e+00 3.8173340727e-03 2.4226093665e-03 3.7845591578e-05
5.1767902374e+00 3.8234260865e-03 2.4375326466e-03 3.7699588574e-05
5.1691370010e+00 3.8298850413e-03 2.4364944547e-03 3.7756821257e-05
5.1614708900e+00 3.8362189662e-03 2.4158896413e-03 3.7641850213e-05
5.1537928581e+00 3.8424390368e-03 2.4102721363e-03 3.7297748349e-05
5.1461009979e+00 3.8489541039e-03 2.4160372559e-03 3.7064830394e-05
5.1383972168e+00 3.8552288897e-03 2.4140765890e-03 3.6693021684e-05
5.1306800842e+00 3.8618110120e-03 2.3993658833e-03 3.6502009607e-05
5.1229491234e+00 3.8682990707e-03 2.4126097560e-03 3.6385481508e-05
5.1152071953e+00 3.8746970240e-03 2.4050767533e-03 3.6075551179e-05
5.1074509621e+00 3.8813881110e-03 2.4107499048e-03 3.5915141780e-05
5.0996818542e+00 3.8877360057e-03 2.4090539664e-03 3.6005629227e-05
5.0918998718e+00 3.8944580592e-03 2.4070441723e-03 3.5923698306e-05
5.0841040611e+00 3.9009780157e-03 2.4051012006e-03 3.5596309317e-05
5.0762958527e+00 3.9076912217e-03 2.4036283139e-03 3.5240438592e-05
5.0684728622e+00 3.9145019837e-03 2.4038250558e-03 3.5084369301e-05
5.0606379509e+00 3.9210608229e-03 2.4010215420e-03 3.5190270864e-05
5.0527892113e+00 3.9278632030e-03 2.4088378996e-03 3.4878401493e-05
5.0449261665e+00 3.9345240220e-03 2.3969728500e-03 3.4334279917e-05
5.0370512009e+00 3.9414297789e-03 2.3949344177e-03 3.4057218727e-05
5.0291609764e+00 3.9481851272e-03 2.3973532952e-03 3.3953328966e-05
5.0212578773e+00 3.9550848305e-03 2.4046269245e-03 3.3909731428e-05
5.0133399963e+00 3.9620958269e-03 2.3965667933e-03 3.3848969906e-05
5.0054087639e+00 3.9689340629e-03 2.3924235720e-03 3.3638170862e-05
4.9974651337e+00 3.9759688079e-03 2.3957521189e-03 3.3317821362e-05
4.9895057678e+00 3.9828540757e-03 2.3969255853e-03 3.3071348298e-05
4.9815330505e+00 3.9899582043e-03 2.3943567649e-03 3.3072930819e-05
4.9735460281e+00 3.9969650097e-03 2.3932999466e-03 3.3199001336e-05
4.9655451775e+00 4.0041161701e-03 2.3899222724e-03 3.3147738577e-05
4.9575290680e+00 4.0111728013e-03 2.3950808682e-03 3.2901549275e-05
4.9495010376e+00 4.0183807723e-03 2.3996024393e-03 3.2551910408e-05
4.9414558411e+00 4.0256101638e-03 2.3976538796e-03 3.2486808777e-05
4.9333977699e+00 4.0328251198e-03 2.3998753168e-03 3.2685711631e-05
4.9253239632e+00 4.0401248261e-03 2.4050152861e-03 3.2522748370e-05
4.9172382355e+00 4.0473667905e-03 2.4094886612e-03 3.2129621104e-05
4.9091348648e+00 4.0547400713e-03 2.4195197038e-03 3.2036728953e-05
4.9010190964e+00 4.0620709769e-03 2.4170682300e-03 3.2110488974e-05
4.8928871155e+00 4.0695159696e-03 2.4169546086e-03 3.1968091207e-05
4.8847408295e+00 4.0769381449e-03 2.4218827020e-03 3.1720850529e-05
4.8765788078e+00 4.0844581090e-03 2.4302536622e-03 3.1613060855e-05
4.8684029579e+00 4.0919100866e-03 2.4266371038e-03 3.1589028367e-05
4.8602108955e+00 4.0995050222e-03 2.4333717301e-03 3.1547569961e-05
4.8520050049e+00 4.1070990264e-03 2.4271567818e-03 3.1287170714e-05
4.8437829018e+00 4.1146758012e-03 2.4382451084e-03 3.0953080568e-05
4.8355460167e+00 4.1223601438e-03 2.4251081049e-03 3.0900650017e-05
4.8272929192e+00 4.1301092133e-03 2.4317905772e-03 3.0928538763e-05
4.8190259933e+00 4.1378289461e-03 2.4301263038e-03 3.0894359952e-05
4.8107419014e+00 4.1455598548e-03 2.4651677813e-03 3.1061539630e-05
4.8024430275e+00 4.1534379125e-03 2.4282215163e-03 3.1108018447e-05
4.7941279411e+00 4.1613429785e-03 2.4231774732e-03 3.0921939469e-05
4.7857980728e+00 4.1692559607e-03 2.4226352107e-03 3.0965409678e-05
4.7774510384e+00 4.1771461256e-03 2.4466582108e-03 3.0987241189e-05
4.7690892220e+00 4.1851401329e-03 2.4183413479e-03 3.0774219340e-05
4.7607111931e+00 4.1931099258e-03 2.4163951166e-03 3.0518651329e-05
4.7523169518e+00 4.2012049817e-03 2.4249120615e-03 3.0093840905e-05
4.7439060211e+00 4.2092557997e-03 2.4348101579e-03 2.9691320378e-05
4.7354798317e+00 4.2174519040e-03 2.4271651637e-03 2.9694499972e-05
4.7270359993e+00 4.2255860753e-03 2.4201683700e-03 2.9953080229e-05
4.7185778618e+00 4.2338850908e-03 2.4189054966e-03 3.0154109481e-05
4.7101011276e+00 4.2422311381e-03 2.4099398870e-03 3.0088589483e-05
4.7016091347e+00 4.2505068704e-03 2.4192219134e-03 2.9763779821e-05
4.6930990219e+00 4.2589870282e-03 2.4191644043e-03 2.9469019864e-05
4.6845731735e+00 4.2673209682e-03 2.4075009860e-03 2.9433980671e-05
4.6760292053e+00 4.2758272029e-03 2.4117813446e-03 2.9581289709e-05
4.6674690247e+00 4.2841429822e-03 2.4100029841e-03 2.9620150599e-05
4.6588931084e+00 4.2928247713e-03 2.4090921506e-03 2.9447730412e-05
4.6502981186e+00 4.3013291433e-03 2.4041051511e-03 2.9212509617e-05
4.6416869164e+00 4.3101059273e-03 2.4012259673e-03 2.8942340577e-05
4.6330580711e+00 4.3187909760e-03 2.4038327392e-03 2.8625170671e-05
4.6244120598e+00 4.3274532072e-03 2.4079731666e-03 2.8511769415e-05
4.6157479286e+00 4.3363990262e-03 2.4093254469e-03 2.8502949135e-05
4.6070671082e+00 4.3450528756e-03 2.3992978968e-03 2.8283000574e-05
4.5983681679e+00 4.3540159240e-03 2.3977258243e-03 2.8049380489e-05
4.5896511078e+00 4.3627847917e-03 2.4041056167e-03 2.7970780138e-05
4.5809168816e+00 4.3718381785e-03 2.3962371051e-03 2.8004609703e-05
4.5721631050e+00 4.3809879571e-03 2.4089349899e-03 2.7980930099e-05
4.5633931160e+00 4.3898681179e-03 2.3992033675e-03 2.7834890716e-05
4.5546040535e+00 4.3991371058e-03 2.4050069042e-03 2.7766029234e-05
4.5457959175e+00 4.4081211090e-03 2.4003509898e-03 2.7813350243e-05
4.5369710922e+00 4.4174999930e-03 2.4026746396e-03 2.7655789381e-05
4.5281257629e+00 4.4269808568e-03 2.4060795549e-03 2.7318519642e-05
4.5192627907e+00 4.4360239990e-03 2.4029582273e-03 2.7054480597e-05
4.5103821754e+00 4.4456189498e-03 2.4149005767e-03 2.6979640097e-05
4.5014810562e+00 4.4549489394e-03 2.4028618354e-03 2.6962019547e-05
4.4925618172e+00 4.4644991867e-03 2.3981754202e-03 2.6817300750e-05
4.4836230278e+00 4.4742161408e-03 2.4163569324e-03 2.6633439120e-05
4.4746651649e+00 4.4835461304e-03 2.4154298007e-03 2.6527610316e-05
4.4656891823e+00 4.4933650643e-03 2.4202789646e-03 2.6478379368e-05
4.4566922188e+00 4.5031919144e-03 2.4208365940e-03 2.6375249945e-05
4.4476761818e+00 4.5127468184e-03 2.4248061236e-03 2.6231129596e-05
4.4386410713e+00 4.5227161609e-03 2.4354697671e-03 2.6165160307e-05
4.4295849800e+00 4.5325900428e-03 2.4504512548e-03 2.6216810511e-05
4.4205098152e+00 4.5424140990e-03 2.4519488215e-03 2.6379790143e-05
4.4114151001e+00 4.5526460744e-03 2.4625074584e-03 2.6361800337e-05
4.4022998810e+00 4.5625651255e-03 2.4600941688e-03 2.5904249924e-05
4.3931651115e+00 4.5726480894e-03 2.4733473547e-03 2.5404660846e-05
4.3840088844e+00 4.5830151066e-03 2.4745240808e-03 2.5204599297e-05
4.3748331070e+00 4.5931600034e-03 2.4758796208e-03 2.5157809432e-05
4.3656368256e+00 4.6033961698e-03 2.4859046098e-03 2.5024019124e-05
4.3564200401e+00 4.6139932238e-03 2.4927807972e-03 2.4842140192e-05
4.3471808434e+00 4.6243951656e-03 2.4960613810e-03 2.4562830731e-05
4.3379220963e+00 4.6346927993e-03 2.5042237248e-03 2.4298429707e-05
4.3286418915e+00 4.6455548145e-03 2.5030444376e-03 2.4158969609e-05
4.3193402290e+00 4.6561458148e-03 2.5021454785e-03 2.4122120521e-05
4.3100171089e+00 4.6665840782e-03 2.5127904955e-03 2.4201259293e-05
4.3006730080e+00 4.6776081435e-03 2.5135155302e-03 2.4070010113e-05
4.2913069725e+00 4.6885781921e-03 2.5101751089e-03 2.3627470000e-05
4.2819190025e+00 4.6991747804e-03 2.5157132186e-03 2.3208000130e-05
4.2725100517e+00 4.7100731172e-03 2.5051743723e-03 2.2979949790e-05
4.2630791664e+00 4.7214291990e-03 2.5048847310e-03 2.2876829462e-05
4.2536239624e+00 4.7325449996e-03 2.5118915364e-03 2.2794420147e-05
4.2441492081e+00 4.7434391454e-03 2.5072565768e-03 2.2652769985e-05
4.2346510887e+00 4.7549651936e-03 2.5073941797e-03 2.2528480258e-05
4.2251291275e+00 4.7664470039e-03 2.5021941401e-03 2.2470609110e-05
4.2155852318e+00 4.7775851563e-03 2.4942273740e-03 2.2385880584e-05
4.2060179710e+00 4.7889598645e-03 2.4854526855e-03 2.2277859898e-05
4.1964287758e+00 4.8007271253e-03 2.4719776120e-03 2.2175630875e-05
4.1868162155e+00 4.8125269823e-03 2.4668206461e-03 2.2060490664e-05
4.1771788597e+00 4.8239701428e-03 2.4363494013e-03 2.1982150429e-05
4.1675200462e+00 4.8356722109e-03 2.4177231826e-03 2.1890949938e-05
4.1578359604e+00 4.8476839438e-03 2.4325021077e-03 2.1753370675e-05
4.1481289864e+00 4.8597031273e-03 2.4303507525e-03 2.1644569642e-05
4.1383981705e+00 4.8716207966e-03 2.4267544504e-03 2.1543439289e-05
4.1286420822e+00 4.8835491762e-03 2.4373531342e-03 2.1403830033e-05
4.1188631058e+00 4.8959362321e-03 2.4311270099e-03 2.1285310140e-05
4.1090588570e+00 4.9083800986e-03 2.4366688449e-03 2.1175719667e-05
4.0992298126e+00 4.9206521362e-03 2.4334930349e-03 2.1084690161e-05
4.0893759727e+00 4.9329241738e-03 2.4256980978e-03 2.1038980776e-05
4.0794978142e+00 4.9452818930e-03 2.4494531099e-03 2.0978510292e-05
4.0695948601e+00 4.9581918865e-03 2.4364783894e-03 2.0885969207e-05
4.0596652031e+00 4.9710217863e-03 2.4350499734e-03 2.0730669348e-05
4.0497112274e+00 4.9836537801e-03 2.4323794059e-03 2.0530809707e-05
4.0397310257e+00 4.9963998608e-03 2.4418076500e-03 2.0361450879e-05
4.0297250748e+00 5.0092139281e-03 2.4367494043e-03 2.0265579224e-05
4.0196938515e+00 5.0224559382e-03 2.4356639478e-03 2.0185560061e-05
4.0096349716e+00 5.0358511508e-03 2.4483019952e-03 2.0098350433e-05
3.9995501041e+00 5.0490489230e-03 2.4397438392e-03 2.0046220016e-05
3.9894390106e+00 5.0622788258e-03 2.4450370111e-03 1.9977520424e-05
3.9793009758e+00 5.0756861456e-03 2.4498982821e-03 1.9854729544e-05
3.9691359997e+00 5.0891498104e-03 2.4454982486e-03 1.9739629352e-05
3.9589450359e+00 5.1027298905e-03 2.4494328536e-03 1.9636570869e-05
3.9487259388e+00 5.1166508347e-03 2.4474011734e-03 1.9508359401e-05
3.9384779930e+00 5.1306411624e-03 2.4505748879e-03 1.9397899450e-05
3.9282031059e+00 5.1445201971e-03 2.4541004095e-03 1.9372659153e-05
3.9179000854e+00 5.1584341563e-03 2.4537593126e-03 1.9409819288e-05
3.9075689316e+00 5.1724528894e-03 2.4587810040e-03 1.9372080715e-05
3.8972098827e+00 5.1867188886e-03 2.4605523795e-03 1.9230250473e-05
3.8868219852e+00 5.2010519430e-03 2.4529260118e-03 1.9030840122e-05
3.8764059544e+00 5.2155121230e-03 2.4668751284e-03 1.8881950382e-05
3.8659598827e+00 5.2302461118e-03 2.4597537704e-03 1.8832539354e-05
3.8554849625e+00 5.2450001240e-03 2.4572815746e-03 1.8811309928e-05
3.8449800014e+00 5.2598011680e-03 2.4697345216e-03 1.8734710466e-05
3.8344459534e+00 5.2746310830e-03 2.4507693015e-03 1.8630020350e-05
3.8238821030e+00 5.2895657718e-03 2.4473790545e-03 1.8488699425e-05
3.8132879734e+00 5.3047481924e-03 2.4526903871e-03 1.8342780095e-05
3.8026630878e+00 5.3199739195e-03 2.4573921692e-03 1.8198730686e-05
3.7920079231e+00 5.3353728727e-03 2.4644248188e-03 1.8085209376e-05
3.7813210487e+00 5.3508961573e-03 2.4613812566e-03 1.8037970221e-05
3.7706038952e+00 5.3664417937e-03 2.4694195017e-03 1.8000790078e-05
3.7598559856e+00 5.3822319023e-03 2.4527292699e-03 1.7918609956e-05
3.7490749359e+00 5.3980629891e-03 2.4671605788e-03 1.7821119400e-05
3.7382628918e+00 5.4140561260e-03 2.4585716892e-03 1.7737849703e-05
3.7274188995e+00 5.4302150384e-03 2.4723305833e-03 1.7661030142e-05
3.7165420055e+00 5.4463990964e-03 2.4630655535e-03 1.7623360691e-05
3.7056329250e+00 5.4628239013e-03 2.4690153077e-03 1.7583599401e-05
3.6946909428e+00 5.4794410244e-03 2.4686197285e-03 1.7465390556e-05
3.6837160587e+00 5.4960651323e-03 2.4700372014e-03 1.7315389414e-05
3.6727070808e+00 5.5128638633e-03 2.4682036601e-03 1.7237849534e-05
3.6616640091e+00 5.5298558436e-03 2.4705496617e-03 1.7246060452e-05
3.6505870819e+00 5.5469088256e-03 2.4688972626e-03 1.7209269572e-05
3.6394770145e+00 5.5641317740e-03 2.4677899200e-03 1.7135120288e-05
3.6283309460e+00 5.5815041997e-03 2.4752828758e-03 1.7043899788e-05
3.6171500683e+00 5.5989958346e-03 2.4767962750e-03 1.6911950297e-05
3.6059350967e+00 5.6166620925e-03 2.4865961168e-03 1.6813159164e-05
3.5946838856e+00 5.6345202029e-03 2.4866820313e-03 1.6817739379e-05
3.5833969116e+00 5.6524719112e-03 2.4851327762e-03 1.6835010683e-05
3.5720739365e+00 5.6705679744e-03 2.4770831224e-03 1.6747790141e-05
3.5607149601e+00 5.6888819672e-03 2.4760426022e-03 1.6614889319e-05
3.5493180752e+00 5.7073039934e-03 2.4747448042e-03 1.6509449779e-05
3.5378849506e+00 5.7258531451e-03 2.4843094870e-03 1.6432730263e-05
3.5264151096e+00 5.7446211576e-03 2.4875071831e-03 1.6432379198e-05
3.5149068832e+00 5.7634958066e-03 2.4840398692e-03 1.6420779502e-05
3.5033609867e+00 5.7825571857e-03 2.4792156182e-03 1.6294119632e-05
3.4917769432e+00 5.8020111173e-03 2.4998835288e-03 1.6146379494e-05
3.4801530838e+00 5.8215712197e-03 2.4953423999e-03 1.6036010493e-05
3.4684898853e+00 5.8411150239e-03 2.4964592885e-03 1.5990350221e-05
3.4567890167e+00 5.8608711697e-03 2.4933256209e-03 1.5948469809e-05
3.4450469017e+00 5.8807991445e-03 2.4956658017e-03 1.5828600226e-05
3.4332649708e+00 5.9008761309e-03 2.4913707748e-03 1.5710149455e-05
3.4214429855e+00 5.9211580083e-03 2.4908373598e-03 1.5678120690e-05
3.4095809460e+00 5.9419111349e-03 2.4908783380e-03 1.5749279555e-05
3.3976759911e+00 5.9628388844e-03 2.4865660816e-03 1.5802039343e-05
3.3857290745e+00 5.9836879373e-03 2.4870606139e-03 1.5659299606e-05
3.3737409115e+00 6.0046608560e-03 2.4953642860e-03 1.5447130863e-05
3.3617110252e+00 6.0258028097e-03 2.4901402649e-03 1.5312649339e-05
3.3496379852e+00 6.0473452322e-03 2.4922650773e-03 1.5294430341e-05
3.3375210762e+00 6.0693351552e-03 2.5050907861e-03 1.5273690224e-05
3.3253600597e+00 6.0913488269e-03 2.5358938146e-03 1.5196989807e-05
3.3131558895e+00 6.1132740229e-03 2.5261279661e-03 1.5098779841e-05
3.3009068966e+00 6.1354190111e-03 2.4799318053e-03 1.5019119928e-05
3.2886140347e+00 6.1582787894e-03 2.4756619241e-03 1.4972049939e-05
3.2762739658e+00 6.1813741922e-03 2.4844186846e-03 1.4897879737e-05
3.2638890743e+00 6.2041417696e-03 2.4909640197e-03 1.4854609617e-05
3.2514579296e+00 6.2270821072e-03 2.4917931296e-03 1.4881139577e-05
3.2389800549e+00 6.2508890405e-03 2.4901262950e-03 1.4913899577e-05
3.2264540195e+00 6.2749381177e-03 2.4901400320e-03 1.4851249944e-05
3.2138810158e+00 6.2985238619e-03 2.4865758605e-03 1.4732119780e-05
3.2012600899e+00 6.3226330094e-03 2.4854517542e-03 1.4679259948e-05
3.1885900497e+00 6.3473810442e-03 2.4826696608e-03 1.4653690414e-05
3.1758699417e+00 6.3720368780e-03 2.4843986612e-03 1.4636369997e-05
3.1631019115e+00 6.3968100585e-03 2.4821273983e-03 1.4559430383e-05
3.1502830982e+00 6.4222230576e-03 2.4687424302e-03 1.4426599591e-05
3.1374130249e+00 6.4476039261e-03 2.4659640621e-03 1.4355409803e-05
3.1244928837e+00 6.4732218161e-03 2.4608871900e-03 1.4368800294e-05
3.1115200520e+00 6.4995312132e-03 2.4443708826e-03 1.4322619791e-05
3.0984950066e+00 6.5255891532e-03 2.4461203720e-03 1.4165029825e-05
3.0854179859e+00 6.5522012301e-03 2.4355086498e-03 1.4010240193e-05
3.0722858906e+00 6.5792938694e-03 2.4329898879e-03 1.3902349565e-05
3.0591011047e+00 6.6061117686e-03 2.4248894770e-03 1.3888939975e-05
3.0458610058e+00 6.6337101161e-03 2.4279218633e-03 1.3886699890e-05
3.0325660706e+00 6.6613471135e-03 2.4268082343e-03 1.3789460354e-05
3.0192160606e+00 6.6895098425e-03 2.4269835558e-03 1.3702589968e-05
3.0058081150e+00 6.7179352045e-03 2.4306939449e-03 1.3623430277e-05
2.9923439026e+00 6.7463722080e-03 2.4266184773e-03 1.3483129806e-05
2.9788219929e+00 6.7754629999e-03 2.4218705948e-03 1.3369530279e-05
2.9652419090e+00 6.8047000095e-03 2.4214927107e-03 1.3329439753e-05
2.9516038895e+00 6.8343100138e-03 2.4191779085e-03 1.3371930436e-05
2.9379050732e+00 6.8642040715e-03 2.4102933239e-03 1.3286899957e-05
2.9241468906e+00 6.8944701925e-03 2.4105864577e-03 1.3036389646e-05
2.9103269577e+00 6.9250748493e-03 2.4123743642e-03 1.2816200069e-05
2.8964459896e+00 6.9559481926e-03 2.4133597035e-03 1.2687570234e-05
2.8825039864e+00 6.9873370230e-03 2.4147385266e-03 1.2609820260e-05
2.8684968948e+00 7.0188990794e-03 2.4222431239e-03 1.2545770005e-05
2.8544280529e+00 7.0510287769e-03 2.4284250103e-03 1.2413160221e-05
2.8402929306e+00 7.0833349600e-03 2.4459676351e-03 1.2270499610e-05
2.8260951042e+00 7.1160318330e-03 2.4508205242e-03 1.2262060409e-05
2.8118290901e+00 7.1493941359e-03 2.4641912896e-03 1.2284839613e-05
2.7974970341e+00 7.1825911291e-03 2.4642371573e-03 1.2159590369e-05
2.7830979824e+00 7.2166728787e-03 2.4710381404e-03 1.1921920304e-05
2.7686300278e+00 7.2509502061e-03 2.4700760841e-03 1.1635340343e-05
2.7540950775e+00 7.2854547761e-03 2.4645174854e-03 1.1454660125e-05
2.7394890785e+00 7.3208562098e-03 2.4513048120e-03 1.1412919775e-05
2.7248110771e+00 7.3562129401e-03 2.4535332341e-03 1.1349899978e-05
2.7100639343e+00 7.3918728158e-03 2.4743354879e-03 1.1164779607e-05
2.6952440739e+00 7.4285049923e-03 2.4774963968e-03 1.0980519619e-05
2.6803500652e+00 7.4652959593e-03 2.4786449503e-03 1.0966559785e-05
2.6653831005e+00 7.5020710938e-03 2.4623088539e-03 1.1035679563e-05
2.6503410339e+00 7.5398851186e-03 2.4374916684e-03 1.0991379895e-05
2.6352229118e+00 7.5782788917e-03 2.4472631048e-03 1.0872249732e-05
2.6200280190e+00 7.6165590435e-03 2.4537614081e-03 1.0731630027e-05
2.6047570705e+00 7.6552461833e-03 2.4611137342e-03 1.0623930393e-05
2.5894069672e+00 7.6946280897e-03 2.4682583753e-03 1.0697410289e-05
2.5739779472e+00 7.7347531915e-03 2.4647074752e-03 1.0863160242e-05
2.5584681034e+00 7.7752009965e-03 2.4671340361e-03 1.0904000192e-05
2.5428769588e+00 7.8158751130e-03 2.4557171855e-03 1.0836450201e-05
2.5272049904e+00 7.8570013866e-03 2.4547767825e-03 1.0817620023e-05
2.5114490986e+00 7.8985486180e-03 2.4594650604e-03 1.0735890100e-05
2.4956109524e+00 7.9406267032e-03 2.4639263283e-03 1.0504910279e-05
2.4796869755e+00 7.9834014177e-03 2.4582217447e-03 1.0237679817e-05
2.4636769295e+00 8.0267041922e-03 2.4738870561e-03 9.9919679997e-06
2.4475800991e+00 8.0703860149e-03 2.4704448879e-03 9.7601978268e-06
2.4313950539e+00 8.1144897267e-03 2.4892028887e-03 9.5164014056e-06
2.4151220322e+00 8.1589799374e-03 2.4845774751e-03 9.3123699116e-06
2.3987600803e+00 8.2039758563e-03 2.4956497364e-03 9.1905885711e-06
2.3823060989e+00 8.2494793460e-03 2.5019883178e-03 9.0916300906e-06
2.3657619953e+00 8.2954633981e-03 2.5082230568e-03 9.0015200840e-06
2.3491239548e+00 8.3419056609e-03 2.5063289795e-03 8.9308214228e-06
2.3323938847e+00 8.3886943758e-03 2.4998618755e-03 8.8076903921e-06
2.3155701160e+00 8.4359673783e-03 2.4985470809e-03 8.6497111624e-06
2.2986500263e+00 8.4838569164e-03 2.5072465651e-03 8.4922876340e-06
2.2816340923e+00 8.5322996601e-03 2.4948760401e-03 8.3437980720e-06
2.2645208836e+00 8.5809743032e-03 2.5030751713e-03 8.2379119704e-06
2.2473099232e+00 8.6299013346e-03 2.5047527160e-03 8.1871130533e-06
2.2300009727e+00 8.6792921647e-03 2.4823364802e-03 8.1548723756e-06
2.2125930786e+00 8.7289325893e-03 2.4821597617e-03 8.1074604168e-06
2.1950860023e+00 8.7788747624e-03 2.4805958383e-03 8.0535855886e-06
2.1774780750e+00 8.8296057656e-03 2.4613898713e-03 7.9983656178e-06
2.1597669125e+00 8.8805994019e-03 2.4606529623e-03 7.9514593381e-06
2.1419548988e+00 8.9313248172e-03 2.4473837111e-03 7.9207256931e-06
2.1240420341e+00 8.9822793379e-03 2.4363594130e-03 7.9121045928e-06
2.1060259342e+00 9.0339742601e-03 2.4284296669e-03 7.9220999396e-06
2.0879058838e+00 9.0857120231e-03 2.4296788033e-03 7.9187602751e-06
2.0696830750e+00 9.1369310394e-03 2.4292259477e-03 7.8318862506e-06
2.0513579845e+00 9.1887218878e-03 2.4243958760e-03 7.7074009823e-06
2.0329279900e+00 9.2406067997e-03 2.4302280508e-03 7.6342721513e-06
2.0143959522e+00 9.2917196453e-03 2.4477511179e-03 7.6276692198e-06
1.9957619905e+00 9.3432730064e-03 2.4303337559e-03 7.6549413279e-06
1.9770230055e+00 9.3945469707e-03 2.4291968439e-03 7.5910461419e-06
1.9581830502e+00 9.4452630728e-03 2.4447748438e-03 7.4635167948e-06
1.9392420053e+00 9.4956792891e-03 2.4355195928e-03 7.3690821409e-06
1.9202009439e+00 9.5453960821e-03 2.4365361314e-03 7.2493849075e-06
1.9010599852e+00 9.5945866778e-03 2.4390062317e-03 7.1600420597e-06
1.8818219900e+00 9.6428552642e-03 2.4446686730e-03 7.1227200351e-06
1.8624889851e+00 9.6901776269e-03 2.4557767902e-03 7.0789478741e-06
1.8430620432e+00 9.7365500405e-03 2.4681354407e-03 7.0096339186e-06
1.8235419989e+00 9.7814686596e-03 2.4723955430e-03 6.9166471803e-06
1.8039360046e+00 9.8251327872e-03 2.4731741287e-03 6.7951750680e-06
1.7842420340e+00 9.8671261221e-03 2.4841336999e-03 6.6571460593e-06
1.7644670010e+00 9.9071776494e-03 2.4858317338e-03 6.5318140514e-06
1.7446130514e+00 9.9454233423e-03 2.4855674710e-03 6.4362538978e-06
1.7246849537e+00 9.9810305983e-03 2.4899581913e-03 6.3462871367e-06
1.7046890259e+00 1.0014349595e-02 2.4947272614e-03 6.2393191911e-06
1.6846280098e+00 1.0044840164e-02 2.4790538009e-03 6.1257428570e-06
1.6645100117e+00 1.0071979836e-02 2.4786053691e-03 6.0445790950e-06
1.6443400383e+00 1.0096020065e-02 2.4711794686e-03 6.0118500187e-06
1.6241259575e+00 1.0116330348e-02 2.4623239879e-03 6.0067341110e-06
1.6038750410e+00 1.0132440366e-02 2.4348322768e-03 5.9763051468e-06
1.5835959911e+00 1.0144320317e-02 2.4188822135e-03 5.9578610490e-06
1.5632979870e+00 1.0151449591e-02 2.4258375634e-03 5.9696949393e-06
1.5429899693e+00 1.0153530166e-02 2.4187795352e-03 5.9793492255e-06
1.5226830244e+00 1.0150269605e-02 2.4221350905e-03 5.9764220168e-06
1.5023889542e+00 1.0141230188e-02 2.4299006909e-03 5.9599001361e-06
1.4821180105e+00 1.0126209818e-02 2.4408658501e-03 5.9185631471e-06
1.4618840218e+00 1.0104649700e-02 2.4541392922e-03 5.8812279349e-06
1.4416999817e+00 1.0076270439e-02 2.4717291817e-03 5.8708869801e-06
1.4215790033e+00 1.0041110218e-02 2.4813010823e-03 5.8603832258e-06
1.4015350342e+00 9.9983923137e-03 2.4939365685e-03 5.8222549342e-06
1.3815850019e+00 9.9480506033e-03 2.4918091949e-03 5.7687138906e-06
1.3617429733e+00 9.8904371262e-03 2.4802505504e-03 5.7365309658e-06
1.3420239687e+00 9.8244259134e-03 2.4700674694e-03 5.7120701058e-06
1.3224459887e+00 9.7508402541e-03 2.4537891150e-03 5.6783937907e-06
1.3030200005e+00 9.6688019112e-03 2.4303772952e-03 5.6495659919e-06
1.2837699652e+00 9.5789367333e-03 2.4092611857e-03 5.6393378145e-06
1.2647049427e+00 9.4811031595e-03 2.4005125742e-03 5.6412209233e-06
1.2458460331e+00 9.3751968816e-03 2.4146155920e-03 5.6597327784e-06
1.2272039652e+00 9.2625226825e-03 2.4293754250e-03 5.7041352193e-06
1.2087960243e+00 9.1414423659e-03 2.4477292318e-03 5.7714578361e-06
1.1906379461e+00 9.0138725936e-03 2.4750668090e-03 5.8478999563e-06
1.1727399826e+00 8.8805602863e-03 2.4863211438e-03 5.9175549723e-06
1.1551159620e+00 8.7405433878e-03 2.4807588197e-03 6.0267589106e-06
1.1377780437e+00 8.5940742865e-03 2.4671058636e-03 6.1579439716e-06
1.1207400560e+00 8.4429038689e-03 2.4648278486e-03 6.2620451899e-06
1.1040070057e+00 8.2879522815e-03 2.4299023207e-03 6.3838501774e-06
1.0875879526e+00 8.1291738898e-03 2.4123867042e-03 6.5510448621e-06
1.0714900494e+00 7.9669719562e-03 2.4067128543e-03 6.7227038016e-06
1.0557199717e+00 7.8008910641e-03 2.4131373502e-03 6.8799049586e-06
1.0402859449e+00 7.6331607997e-03 2.4344115518e-03 7.0642481660e-06
1.0251870155e+00 7.4660140090e-03 2.4560454767e-03 7.2711040957e-06
1.0104219913e+00 7.2972481139e-03 2.4589605164e-03 7.4843760558e-06
9.9599820375e-01 7.1265990846e-03 2.4561150931e-03 7.6878932305e-06
9.8191577196e-01 6.9581489079e-03 2.4464114103e-03 7.8911743913e-06
9.6816557646e-01 6.7894738168e-03 2.4354050402e-03 8.1107218648e-06
9.5475792885e-01 6.6213780083e-03 2.4184440263e-03 8.3289933173e-06
9.4168007374e-01 6.4580962062e-03 2.4032159708e-03 8.5548235802e-06
9.2892551422e-01 6.2930649146e-03 2.3998457473e-03 8.7539419837e-06
9.1650778055e-01 6.1298799701e-03 2.4242689833e-03 8.9410750661e-06
9.0440601110e-01 5.9728538617e-03 2.4697319604e-03 9.1934280135e-06
8.9261639118e-01 5.8178622276e-03 2.4674560409e-03 9.4731649369e-06
8.8113462925e-01 5.6653330103e-03 2.4369303137e-03 9.7689180620e-06
8.6995512247e-01 5.5157369934e-03 2.4357237853e-03 1.0114769793e-05
8.5907161236e-01 5.3695221432e-03 2.4328252766e-03 1.0425829714e-05
8.4847700596e-01 5.2270991728e-03 2.4326059502e-03 1.0620249668e-05
8.3816319704e-01 5.0889030099e-03 2.4285381660e-03 1.0615460269e-05
8.2812142372e-01 4.9553541467e-03 2.3778411560e-03 1.0493199625e-05
8.1834179163e-01 4.8235761933e-03 2.3800095078e-03 1.0558999747e-05
8.0882710218e-01 4.6933768317e-03 2.3799601477e-03 1.0781779565e-05
7.9956829548e-01 4.5708348043e-03 2.3814295419e-03 1.1079790056e-05
7.9054367542e-01 4.4515691698e-03 2.3838728666e-03 1.1514260223e-05
7.8176200390e-01 4.3332828209e-03 2.3824023083e-03 1.2122570297e-05
7.7321058512e-01 4.2216670699e-03 2.3807073012e-03 1.2624450392e-05
7.6487541199e-01 4.1116802022e-03 2.3816288449e-03 1.2577639609e-05
7.5676387548e-01 4.0049958043e-03 2.3811776191e-03 1.2392049939e-05
7.4885541201e-01 3.9040478878e-03 2.3810018320e-03 1.2579510440e-05
7.4114769697e-01 3.8027819246e-03 2.3822234944e-03 1.3153499822e-05
7.3364418745e-01 3.7076049484e-03 2.3846302647e-03 1.4123869732e-05
7.2631728649e-01 3.6161011085e-03 2.3859136272e-03 1.5596340745e-05
7.1917980909e-01 3.5229560453e-03 2.3852079175e-03 1.7001169908e-05
7.1222537756e-01 3.4361789003e-03 2.3849676363e-03 1.7696960640e-05
7.0543509722e-01 3.3550329972e-03 2.3857825436e-03 1.8289259970e-05
6.9880527258e-01 3.3149009105e-03 2.3859047797e-03 1.9741419237e-05
