# wavelength_um half_bin_width_um noisy_transit_depth sigma_inst
6.9880527258e-01 3.3149009105e-03 4.2929621413e-03 2.3118419631e-04
7.0543509722e-01 3.3550329972e-03 4.3977522291e-03 2.1379720420e-04
7.1222537756e-01 3.4361789003e-03 3.7097351160e-03 2.5109469425e-04
7.1917980909e-01 3.5229560453e-03 4.1545480490e-03 2.2202440596e-04
7.2631728649e-01 3.6161011085e-03 4.2531727813e-03 1.5523569891e-04
7.3364418745e-01 3.7076049484e-03 4.3019410223e-03 1.2625139789e-04
7.4114769697e-01 3.8027819246e-03 3.5838549957e-03 1.2104870257e-04
7.4885541201e-01 3.9040478878e-03 3.4209429286e-03 1.1892439943e-04
7.5676387548e-01 4.0049958043e-03 3.8124939892e-03 1.1909120076e-04
7.6487541199e-01 4.1116802022e-03 3.6517349072e-03 1.3299219427e-04
7.7321058512e-01 4.2216670699e-03 3.7651399616e-03 1.2764389976e-04
7.8176200390e-01 4.3332828209e-03 4.0973299183e-03 9.8803473520e-05
7.9054367542e-01 4.4515691698e-03 4.4800131582e-03 8.0928031821e-05
7.9956829548e-01 4.5708348043e-03 4.4304761104e-03 7.0253699960e-05
8.0882710218e-01 4.6933768317e-03 4.5207692310e-03 6.1094717239e-05
8.1834179163e-01 4.8235761933e-03 4.6784081496e-03 5.6167518778e-05
8.2812142372e-01 4.9553541467e-03 4.6485178173e-03 5.6434688304e-05
8.3816319704e-01 5.0889030099e-03 4.7415951267e-03 5.9708640038e-05
8.4847700596e-01 5.2270991728e-03 4.6057589352e-03 6.5142179665e-05
8.5907161236e-01 5.3695221432e-03 4.6004368924e-03 6.6600026912e-05
8.6995512247e-01 5.5157369934e-03 4.4098380022e-03 6.1023431044e-05
8.8113462925e-01 5.6653330103e-03 4.6367631294e-03 5.3744348406e-05
8.9261639118e-01 5.8178622276e-03 4.5943581499e-03 4.6489811211e-05
9.0440601110e-01 5.9728538617e-03 4.7328211367e-03 4.0638558858e-05
9.1650778055e-01 6.1298799701e-03 4.9180900678e-03 3.8312009565e-05
9.2892551422e-01 6.2930649146e-03 4.9014789984e-03 3.8679161662e-05
9.4168007374e-01 6.4580962062e-03 4.9685467966e-03 3.7365669414e-05
9.5475792885e-01 6.6213780083e-03 5.0064898096e-03 3.4560511267e-05
9.6816557646e-01 6.7894738168e-03 4.9483631738e-03 3.3013271604e-05
9.8191577196e-01 6.9581489079e-03 4.9558761530e-03 3.2567520975e-05
9.9599820375e-01 7.1265990846e-03 4.8766480759e-03 3.2429179555e-05
1.0104219913e+00 7.2972481139e-03 4.8471540213e-03 3.1307969039e-05
1.0251870155e+00 7.4660140090e-03 4.8896749504e-03 2.9091530450e-05
1.0402859449e+00 7.6331607997e-03 4.9152318388e-03 2.7003410651e-05
1.0557199717e+00 7.8008910641e-03 4.9457140267e-03 2.5500350603e-05
1.0714900494e+00 7.9669719562e-03 4.9497759901e-03 2.4543820473e-05
1.0875879526e+00 8.1291738898e-03 4.8903948627e-03 2.4148519515e-05
1.1040070057e+00 8.2879522815e-03 4.9258959480e-03 2.3840939321e-05
1.1207400560e+00 8.4429038689e-03 4.9141868949e-03 2.2979080313e-05
1.1377780437e+00 8.5940742865e-03 4.9002501182e-03 2.2090700440e-05
1.1551159620e+00 8.7405433878e-03 4.9367100000e-03 2.1498939532e-05
1.1727399826e+00 8.8805602863e-03 4.8707439564e-03 2.1021009161e-05
1.1906379461e+00 9.0138725936e-03 4.9311509356e-03 2.0517509256e-05
1.2087960243e+00 9.1414423659e-03 4.9425871111e-03 2.0009349100e-05
1.2272039652e+00 9.2625226825e-03 4.9584931694e-03 1.9653140043e-05
1.2458460331e+00 9.3751968816e-03 4.9220928922e-03 1.9400840756e-05
1.2647049427e+00 9.4811031595e-03 4.9627572298e-03 1.8984739654e-05
1.2837699652e+00 9.5789367333e-03 4.9894889817e-03 1.8642469513e-05
1.3030200005e+00 9.6688019112e-03 4.9497988075e-03 1.8762040781e-05
1.3224459887e+00 9.7508402541e-03 4.9181701615e-03 1.9843610062e-05
1.3420239687e+00 9.8244259134e-03 4.7653350048e-03 2.2039919713e-05
1.3617429733e+00 9.8904371262e-03 4.7411089763e-03 2.4601260520e-05
1.3815850019e+00 9.9480506033e-03 4.7960779630e-03 2.6509580493e-05
1.4015350342e+00 9.9983923137e-03 4.7901920043e-03 2.6432999221e-05
1.4215790033e+00 1.0041110218e-02 4.7199339606e-03 2.5147419365e-05
1.4416999817e+00 1.0076270439e-02 4.7511542216e-03 2.4408600439e-05
1.4618840218e+00 1.0104649700e-02 4.7066989355e-03 2.4138620574e-05
1.4821180105e+00 1.0126209818e-02 4.7893947922e-03 2.3690510716e-05
1.5023889542e+00 1.0141230188e-02 4.8074251972e-03 2.3173370209e-05
1.5226830244e+00 1.0150269605e-02 4.8519629054e-03 2.2647460355e-05
1.5429899693e+00 1.0153530166e-02 4.9087079242e-03 2.2171319870e-05
1.5632979870e+00 1.0151449591e-02 4.8547089100e-03 2.1854519218e-05
1.5835959911e+00 1.0144320317e-02 4.9247560091e-03 2.1517920686e-05
1.6038750410e+00 1.0132440366e-02 4.8818131909e-03 2.1080650185e-05
1.6241259575e+00 1.0116330348e-02 4.9079870805e-03 2.0722200134e-05
1.6443400383e+00 1.0096020065e-02 4.9562118948e-03 2.0441020752e-05
1.6645100117e+00 1.0071979836e-02 4.9563450739e-03 2.0347730242e-05
1.6846280098e+00 1.0044840164e-02 4.9273348413e-03 2.0621779186e-05
1.7046890259e+00 1.0014349595e-02 4.9196882173e-03 2.1328769435e-05
1.7246849537e+00 9.9810305983e-03 4.8817121424e-03 2.2224439817e-05
1.7446130514e+00 9.9454233423e-03 4.8637008294e-03 2.3563050490e-05
1.7644670010e+00 9.9071776494e-03 4.7113602050e-03 2.5694020223e-05
1.7842420340e+00 9.8671261221e-03 4.8092831858e-03 2.7065259928e-05
1.8039360046e+00 9.8251327872e-03 4.7442917712e-03 2.7199279430e-05
1.8235419989e+00 9.7814686596e-03 4.7047571279e-03 2.7424079235e-05
1.8430620432e+00 9.7365500405e-03 4.7603570856e-03 2.8406460842e-05
1.8624889851e+00 9.6901776269e-03 4.6758609824e-03 3.0120609154e-05
1.8818219900e+00 9.6428552642e-03 4.7702109441e-03 3.0642888305e-05
1.9010599852e+00 9.5945866778e-03 4.7394721769e-03 3.0572879041e-05
1.9202009439e+00 9.5453960821e-03 4.7793411650e-03 3.0970790249e-05
1.9392420053e+00 9.4956792891e-03 4.8998869024e-03 3.1229250453e-05
1.9581830502e+00 9.4452630728e-03 4.8910370097e-03 3.0859850085e-05
1.9770230055e+00 9.3945469707e-03 4.8914612271e-03 3.0139610317e-05
1.9957619905e+00 9.3432730064e-03 4.8978449777e-03 3.0154880733e-05
2.0143959522e+00 9.2917196453e-03 4.8585189506e-03 3.0808558222e-05
2.0329279900e+00 9.2406067997e-03 4.8799607903e-03 3.0166789657e-05
2.0513579845e+00 9.1887218878e-03 4.8107360490e-03 2.9224320315e-05
2.0696830750e+00 9.1369310394e-03 4.8732780851e-03 2.9121230909e-05
2.0879058838e+00 9.0857120231e-03 4.8677618615e-03 2.8724909498e-05
2.1060259342e+00 9.0339742601e-03 4.9159019254e-03 2.8036429285e-05
2.1240420341e+00 8.9822793379e-03 4.9019861035e-03 2.7452699214e-05
2.1419548988e+00 8.9313248172e-03 4.9245432019e-03 2.7204179787e-05
2.1597669125e+00 8.8805994019e-03 4.9298158847e-03 2.7107029382e-05
2.1774780750e+00 8.8296057656e-03 4.9321469851e-03 2.6960300602e-05
2.1950860023e+00 8.7788747624e-03 4.9286847934e-03 2.6908279324e-05
2.2125930786e+00 8.7289325893e-03 4.9689840525e-03 2.6772650017e-05
2.2300009727e+00 8.6792921647e-03 4.9678301439e-03 2.6587960747e-05
2.2473099232e+00 8.6299013346e-03 5.0280122086e-03 2.6543559215e-05
2.2645208836e+00 8.5809743032e-03 4.9636331387e-03 2.6731240723e-05
2.2816340923e+00 8.5322996601e-03 5.0194310024e-03 2.7177700758e-05
2.2986500263e+00 8.4838569164e-03 4.9206241965e-03 2.7657029932e-05
2.3155701160e+00 8.4359673783e-03 4.9186758697e-03 2.8178710636e-05
2.3323938847e+00 8.3886943758e-03 4.9093901180e-03 2.8747070246e-05
2.3491239548e+00 8.3419056609e-03 4.8701320775e-03 2.9760209145e-05
2.3657619953e+00 8.2954633981e-03 4.9291448668e-03 3.1365649193e-05
2.3823060989e+00 8.2494793460e-03 4.8592449166e-03 3.1753381336e-05
2.3987600803e+00 8.2039758563e-03 4.9109510146e-03 3.1609601137e-05
2.4151220322e+00 8.1589799374e-03 4.7743869945e-03 3.2483050745e-05
2.4313950539e+00 8.1144897267e-03 4.7169080935e-03 3.3584721677e-05
2.4475800991e+00 8.0703860149e-03 4.7924779356e-03 3.6039069528e-05
2.4636769295e+00 8.0267041922e-03 4.7269109637e-03 3.9696060412e-05
2.4796869755e+00 7.9834014177e-03 4.7222170979e-03 4.1101888201e-05
2.4956109524e+00 7.9406267032e-03 4.7051631846e-03 4.1444680392e-05
2.5114490986e+00 7.8985486180e-03 4.5274337754e-03 4.1433639126e-05
2.5272049904e+00 7.8570013866e-03 4.5778481290e-03 4.1062510718e-05
2.5428769588e+00 7.8158751130e-03 4.5541562140e-03 4.2173029215e-05
2.5584681034e+00 7.7752009965e-03 4.6748491004e-03 4.2688690883e-05
2.5739779472e+00 7.7347531915e-03 4.6802069992e-03 4.2601248424e-05
2.5894069672e+00 7.6946280897e-03 4.6848221682e-03 4.3351039494e-05
2.6047570705e+00 7.6552461833e-03 4.6492260881e-03 4.2207619117e-05
2.6200280190e+00 7.6165590435e-03 4.7984798439e-03 4.0285100113e-05
2.6352229118e+00 7.5782788917e-03 4.7665331513e-03 3.9721820940e-05
2.6503410339e+00 7.5398851186e-03 4.6696620993e-03 4.0212999011e-05
2.6653831005e+00 7.5020710938e-03 4.8039318062e-03 4.0661489038e-05
2.6803500652e+00 7.4652959593e-03 4.7052111477e-03 4.1507879359e-05
2.6952440739e+00 7.4285049923e-03 4.6680741943e-03 4.3305248255e-05
2.7100639343e+00 7.3918728158e-03 4.7124950215e-03 4.4523658289e-05
2.7248110771e+00 7.3562129401e-03 4.7050351277e-03 4.4583408453e-05
2.7394890785e+00 7.3208562098e-03 4.7176918015e-03 4.5185988711e-05
2.7540950775e+00 7.2854547761e-03 4.7241989523e-03 4.7395649744e-05
2.7686300278e+00 7.2509502061e-03 4.6696728095e-03 4.8343110393e-05
2.7830979824e+00 7.2166728787e-03 4.7740349546e-03 4.7150850151e-05
2.7974970341e+00 7.1825911291e-03 4.7228601761e-03 4.6844150347e-05
2.8118290901e+00 7.1493941359e-03 4.7103269026e-03 4.7713059757e-05
2.8260951042e+00 7.1160318330e-03 4.8196781427e-03 4.7609421017e-05
2.8402929306e+00 7.0833349600e-03 4.6957419254e-03 4.7197059757e-05
2.8544280529e+00 7.0510287769e-03 4.6653398313e-03 4.7110828746e-05
2.8684968948e+00 7.0188990794e-03 4.6088080853e-03 4.7236480896e-05
2.8825039864e+00 6.9873370230e-03 4.7099902295e-03 4.8527388572e-05
2.8964459896e+00 6.9559481926e-03 4.5885960571e-03 4.9737220252e-05
2.9103269577e+00 6.9250748493e-03 4.6241870150e-03 4.9834940000e-05
2.9241468906e+00 6.8944701925e-03 4.4704321772e-03 4.9327380111e-05
2.9379050732e+00 6.8642040715e-03 4.6328362077e-03 4.9075588322e-05
2.9516038895e+00 6.8343100138e-03 4.6567190439e-03 4.9533289712e-05
2.9652419090e+00 6.8047000095e-03 4.5989737846e-03 5.0829181419e-05
2.9788219929e+00 6.7754629999e-03 4.6469541267e-03 5.2197730838e-05
2.9923439026e+00 6.7463722080e-03 4.5716129243e-03 5.2578230680e-05
3.0058081150e+00 6.7179352045e-03 4.6550510451e-03 5.2122071793e-05
3.0192160606e+00 6.6895098425e-03 4.6296450309e-03 5.1720078773e-05
3.0325660706e+00 6.6613471135e-03 4.6807061881e-03 5.1712780987e-05
3.0458610058e+00 6.6337101161e-03 4.7098570503e-03 5.0721890148e-05
3.0591011047e+00 6.6061117686e-03 4.5604212210e-03 4.9780701374e-05
3.0722858906e+00 6.5792938694e-03 4.6971458942e-03 4.9522161135e-05
3.0854179859e+00 6.5522012301e-03 4.6839858405e-03 5.0418420869e-05
3.0984950066e+00 6.5255891532e-03 4.7419629991e-03 5.1796541811e-05
3.1115200520e+00 6.4995312132e-03 4.8134247772e-03 5.1901050028e-05
3.1244928837e+00 6.4732218161e-03 4.7580162063e-03 5.1906539738e-05
3.1374130249e+00 6.4476039261e-03 4.8756250180e-03 5.2724109992e-05
3.1502830982e+00 6.4222230576e-03 4.7794659622e-03 5.2908038924e-05
3.1631019115e+00 6.3968100585e-03 4.7401590273e-03 5.1464769058e-05
3.1758699417e+00 6.3720368780e-03 4.7282199375e-03 5.0136430218e-05
3.1885900497e+00 6.3473810442e-03 4.8608910292e-03 5.0078968343e-05
3.2012600899e+00 6.3226330094e-03 4.7825179063e-03 5.0528320571e-05
3.2138810158e+00 6.2985238619e-03 4.7340318561e-03 5.0492140872e-05
3.2264540195e+00 6.2749381177e-03 4.7886851244e-03 5.0785820349e-05
3.2389800549e+00 6.2508890405e-03 4.7095878981e-03 5.1732309657e-05
3.2514579296e+00 6.2270821072e-03 4.7806631774e-03 5.1874099881e-05
3.2638890743e+00 6.2041417696e-03 4.7619971447e-03 5.2530558605e-05
3.2762739658e+00 6.1813741922e-03 4.8227780499e-03 5.3759438742e-05
3.2886140347e+00 6.1582787894e-03 4.6995119192e-03 5.3204119467e-05
3.3009068966e+00 6.1354190111e-03 4.7691049986e-03 5.1875471399e-05
3.3131558895e+00 6.1132740229e-03 4.7926148400e-03 5.1403560065e-05
3.3253600597e+00 6.0913488269e-03 4.8906467855e-03 5.1384769904e-05
3.3375210762e+00 6.0693351552e-03 4.7671948560e-03 5.1595430705e-05
3.3496379852e+00 6.0473452322e-03 4.7239451669e-03 5.1170351071e-05
3.3617110252e+00 6.0258028097e-03 4.8438389786e-03 5.0720678701e-05
3.3737409115e+00 6.0046608560e-03 4.8780529760e-03 5.1003931731e-05
3.3857290745e+00 5.9836879373e-03 4.7424179502e-03 5.1074210205e-05
3.3976759911e+00 5.9628388844e-03 4.8307511024e-03 5.1058821555e-05
3.4095809460e+00 5.9419111349e-03 4.7177472152e-03 5.1325539971e-05
3.4214429855e+00 5.9211580083e-03 4.7679292038e-03 5.0804781495e-05
3.4332649708e+00 5.9008761309e-03 4.8611429520e-03 4.9749989557e-05
3.4450469017e+00 5.8807991445e-03 4.8987590708e-03 4.9369591579e-05
3.4567890167e+00 5.8608711697e-03 4.8889401369e-03 4.9408528866e-05
3.4684898853e+00 5.8411150239e-03 4.9210749567e-03 4.9601239880e-05
3.4801530838e+00 5.8215712197e-03 4.8526590690e-03 5.0154179917e-05
3.4917769432e+00 5.8020111173e-03 4.9638738856e-03 5.0706741604e-05
3.5033609867e+00 5.7825571857e-03 4.8940000124e-03 5.1121631259e-05
3.5149068832e+00 5.7634958066e-03 4.8572150990e-03 5.1991308283e-05
3.5264151096e+00 5.7446211576e-03 4.9355239607e-03 5.2903131291e-05
3.5378849506e+00 5.7258531451e-03 4.8098950647e-03 5.2603871154e-05
3.5493180752e+00 5.7073039934e-03 4.8476532102e-03 5.1492610510e-05
3.5607149601e+00 5.6888819672e-03 4.8929317854e-03 5.0698799896e-05
3.5720739365e+00 5.6705679744e-03 4.8969658092e-03 5.0452919822e-05
3.5833969116e+00 5.6524719112e-03 4.9173641019e-03 5.0445101806e-05
3.5946838856e+00 5.6345202029e-03 4.9640918151e-03 5.0378639571e-05
3.6059350967e+00 5.6166620925e-03 4.8473412171e-03 5.0500621001e-05
3.6171500683e+00 5.5989958346e-03 4.8942281865e-03 5.1369021094e-05
3.6283309460e+00 5.5815041997e-03 4.8921220005e-03 5.2593659348e-05
3.6394770145e+00 5.5641317740e-03 5.0480300561e-03 5.3066069086e-05
3.6505870819e+00 5.5469088256e-03 4.9291080795e-03 5.2753130149e-05
3.6616640091e+00 5.5298558436e-03 4.8459218815e-03 5.2495248383e-05
3.6727070808e+00 5.5128638633e-03 4.8439688981e-03 5.2793559007e-05
3.6837160587e+00 5.4960651323e-03 4.9047688954e-03 5.3078791098e-05
3.6946909428e+00 5.4794410244e-03 4.9666138366e-03 5.2850449720e-05
3.7056329250e+00 5.4628239013e-03 4.8139737919e-03 5.2676059568e-05
3.7165420055e+00 5.4463990964e-03 4.9707009457e-03 5.2865860198e-05
3.7274188995e+00 5.4302150384e-03 4.9959910102e-03 5.3201740229e-05
3.7382628918e+00 5.4140561260e-03 4.8894518986e-03 5.3550731536e-05
3.7490749359e+00 5.3980629891e-03 4.9868291244e-03 5.4141190049e-05
3.7598559856e+00 5.3822319023e-03 4.9331039190e-03 5.4908901802e-05
3.7706038952e+00 5.3664417937e-03 4.8812949099e-03 5.5290020100e-05
3.7813210487e+00 5.3508961573e-03 4.9057980068e-03 5.4985728639e-05
3.7920079231e+00 5.3353728727e-03 4.9537150189e-03 5.4609910876e-05
3.8026630878e+00 5.3199739195e-03 4.9824737944e-03 5.5012609664e-05
3.8132879734e+00 5.3047481924e-03 5.0359740853e-03 5.5453838286e-05
3.8238821030e+00 5.2895657718e-03 5.0127040595e-03 5.5342199630e-05
3.8344459534e+00 5.2746310830e-03 4.8541901633e-03 5.5703800172e-05
3.8449800014e+00 5.2598011680e-03 4.8608351499e-03 5.6672120991e-05
3.8554849625e+00 5.2450001240e-03 4.9135880545e-03 5.7190918596e-05
3.8659598827e+00 5.2302461118e-03 5.0477939658e-03 5.7046810980e-05
3.8764059544e+00 5.2155121230e-03 5.0113270991e-03 5.6409018725e-05
3.8868219852e+00 5.2010519430e-03 4.9325781874e-03 5.5778338719e-05
3.8972098827e+00 5.1867188886e-03 4.9574421719e-03 5.5805601733e-05
3.9075689316e+00 5.1724528894e-03 4.9208928831e-03 5.6683631556e-05
3.9179000854e+00 5.1584341563e-03 4.9261432141e-03 5.7623688917e-05
3.9282031059e+00 5.1445201971e-03 4.9615087919e-03 5.7480789110e-05
3.9384779930e+00 5.1306411624e-03 5.0484808162e-03 5.7208490034e-05
3.9487259388e+00 5.1166508347e-03 4.9851178192e-03 5.7925379224e-05
3.9589450359e+00 5.1027298905e-03 4.8958291300e-03 5.9116209741e-05
3.9691359997e+00 5.0891498104e-03 4.8215328716e-03 5.9592628531e-05
3.9793009758e+00 5.0756861456e-03 4.8604360782e-03 5.9289559431e-05
3.9894390106e+00 5.0622788258e-03 4.9139847979e-03 5.9042678913e-05
3.9995501041e+00 5.0490489230e-03 4.9001048319e-03 5.9412690462e-05
4.0096349716e+00 5.0358511508e-03 4.8616682179e-03 6.0215490521e-05
4.0196938515e+00 5.0224559382e-03 4.9699549563e-03 6.0569669586e-05
4.0297250748e+00 5.0092139281e-03 4.9404138699e-03 6.0179569118e-05
4.0397310257e+00 4.9963998608e-03 4.8781260848e-03 6.0556860262e-05
4.0497112274e+00 4.9836537801e-03 4.8406878486e-03 6.2081118813e-05
4.0596652031e+00 4.9710217863e-03 4.9923867919e-03 6.2824423367e-05
4.0695948601e+00 4.9581918865e-03 5.0898399204e-03 6.2610910391e-05
4.0794978142e+00 4.9452818930e-03 4.9348571338e-03 6.3554056396e-05
4.0893759727e+00 4.9329241738e-03 4.7672470100e-03 6.5897307650e-05
4.0992298126e+00 4.9206521362e-03 4.9514761195e-03 6.7210850830e-05
4.1090588570e+00 4.9083800986e-03 4.9166870303e-03 6.6204207542e-05
4.1188631058e+00 4.8959362321e-03 4.9350708723e-03 6.4700419898e-05
4.1286420822e+00 4.8835491762e-03 4.8951171339e-03 6.4726547862e-05
4.1383981705e+00 4.8716207966e-03 4.8296819441e-03 6.5901891503e-05
4.1481289864e+00 4.8597031273e-03 4.9747368321e-03 6.5997199272e-05
4.1578359604e+00 4.8476839438e-03 4.8350081779e-03 6.6110267653e-05
4.1675200462e+00 4.8356722109e-03 4.8967408948e-03 6.6737033194e-05
4.1771788597e+00 4.8239701428e-03 5.0940038636e-03 6.6820219217e-05
4.1868162155e+00 4.8125269823e-03 5.0537800416e-03 6.6235363192e-05
4.1964287758e+00 4.8007271253e-03 4.9462579191e-03 6.6512780904e-05
4.2060179710e+00 4.7889598645e-03 5.0260839052e-03 6.8918918259e-05
4.2155852318e+00 4.7775851563e-03 5.0677619874e-03 7.2180140705e-05
4.2251291275e+00 4.7664470039e-03 4.9942331389e-03 7.2724476922e-05
4.2346510887e+00 4.7549651936e-03 5.1564299501e-03 7.1761176514e-05
4.2441492081e+00 4.7434391454e-03 5.0767147914e-03 7.1397327702e-05
4.2536239624e+00 4.7325449996e-03 5.0693210214e-03 7.2422946687e-05
4.2630791664e+00 4.7214291990e-03 5.0125401467e-03 7.3486611655e-05
4.2725100517e+00 4.7100731172e-03 5.1409010775e-03 7.3745068221e-05
4.2819190025e+00 4.6991747804e-03 5.1408680156e-03 7.3195340519e-05
4.2913069725e+00 4.6885781921e-03 5.0533171743e-03 7.3029310443e-05
4.3006730080e+00 4.6776081435e-03 5.1400680095e-03 7.4015159043e-05
4.3100171089e+00 4.6665840782e-03 4.9387961626e-03 7.5975447544e-05
4.3193402290e+00 4.6561458148e-03 5.0683282316e-03 7.8462187957e-05
4.3286418915e+00 4.6455548145e-03 4.9214130268e-03 8.1565201981e-05
4.3379220963e+00 4.6346927993e-03 5.0014578737e-03 8.3265309513e-05
4.3471808434e+00 4.6243951656e-03 5.1667760126e-03 8.2367158029e-05
4.3564200401e+00 4.6139932238e-03 4.9444981851e-03 8.0817088019e-05
4.3656368256e+00 4.6033961698e-03 4.8989439383e-03 7.9464312876e-05
4.3748331070e+00 4.5931600034e-03 4.8318170011e-03 7.9268567788e-05
4.3840088844e+00 4.5830151066e-03 4.8100249842e-03 8.0044432252e-05
4.3931651115e+00 4.5726480894e-03 4.9865921028e-03 8.1333710114e-05
4.4022998810e+00 4.5625651255e-03 4.8541729338e-03 8.2724400272e-05
4.4114151001e+00 4.5526460744e-03 4.7747059725e-03 8.3992868895e-05
4.4205098152e+00 4.5424140990e-03 4.8074428923e-03 8.6263091362e-05
4.4295849800e+00 4.5325900428e-03 4.7740167938e-03 9.0593450295e-05
4.4386410713e+00 4.5227161609e-03 4.8696030863e-03 9.6079362265e-05
4.4476761818e+00 4.5127468184e-03 5.0707920454e-03 9.7088239272e-05
4.4566922188e+00 4.5031919144e-03 4.8627429642e-03 9.5636933111e-05
4.4656891823e+00 4.4933650643e-03 4.6658972278e-03 9.4527422334e-05
4.4746651649e+00 4.4835461304e-03 4.5609590597e-03 9.6734489489e-05
4.4836230278e+00 4.4742161408e-03 4.7161439434e-03 9.8790442280e-05
4.4925618172e+00 4.4644991867e-03 4.8037571833e-03 9.9796867289e-05
4.5014810562e+00 4.4549489394e-03 4.6932008117e-03 9.9872078863e-05
4.5103821754e+00 4.4456189498e-03 4.8771211877e-03 1.0216500232e-04
4.5192627907e+00 4.4360239990e-03 4.6718409285e-03 1.0400199972e-04
4.5281257629e+00 4.4269808568e-03 4.6992138959e-03 1.0426030349e-04
4.5369710922e+00 4.4174999930e-03 4.7689247876e-03 1.0238410323e-04
4.5457959175e+00 4.4081211090e-03 4.9371970817e-03 1.0277979891e-04
4.5546040535e+00 4.3991371058e-03 4.9239909276e-03 1.0399369785e-04
4.5633931160e+00 4.3898681179e-03 4.7897212207e-03 1.0512200242e-04
4.5721631050e+00 4.3809879571e-03 4.6580480412e-03 1.0501920042e-04
4.5809168816e+00 4.3718381785e-03 4.8700408079e-03 1.0481299978e-04
4.5896511078e+00 4.3627847917e-03 4.7197588719e-03 1.0301479779e-04
4.5983681679e+00 4.3540159240e-03 4.5547708869e-03 9.7782096418e-05
4.6070671082e+00 4.3450528756e-03 4.8925420269e-03 9.7959418781e-05
4.6157479286e+00 4.3363990262e-03 4.7571938485e-03 1.0073679732e-04
4.6244120598e+00 4.3274532072e-03 4.5861541294e-03 1.0436570301e-04
4.6330580711e+00 4.3187909760e-03 4.8023099080e-03 1.0310920334e-04
4.6416869164e+00 4.3101059273e-03 4.7941948287e-03 9.9954319012e-05
4.6502981186e+00 4.3013291433e-03 4.8520560376e-03 9.6411458799e-05
4.6588931084e+00 4.2928247713e-03 4.8074130900e-03 9.4344730314e-05
4.6674690247e+00 4.2841429822e-03 4.9534598365e-03 9.4693161373e-05
4.6760292053e+00 4.2758272029e-03 4.8688398674e-03 9.6978299553e-05
4.6845731735e+00 4.2673209682e-03 4.6827332117e-03 9.8729513411e-05
4.6930990219e+00 4.2589870282e-03 4.7814399004e-03 9.8771706689e-05
4.7016091347e+00 4.2505068704e-03 4.6500540338e-03 9.8443822935e-05
4.7101011276e+00 4.2422311381e-03 4.6885111369e-03 1.0263839795e-04
4.7185778618e+00 4.2338850908e-03 4.8004728742e-03 1.0605040006e-04
4.7270359993e+00 4.2255860753e-03 4.7411029227e-03 1.0681350250e-04
4.7354798317e+00 4.2174519040e-03 4.8640258610e-03 1.0200669931e-04
4.7439060211e+00 4.2092557997e-03 4.7868029214e-03 9.8996351880e-05
4.7523169518e+00 4.2012049817e-03 4.6920292079e-03 9.8266420537e-05
4.7607111931e+00 4.1931099258e-03 4.7932858579e-03 1.0019980255e-04
4.7690892220e+00 4.1851401329e-03 4.8347110860e-03 1.0368670337e-04
4.7774510384e+00 4.1771461256e-03 4.8937029205e-03 1.0859000031e-04
4.7857980728e+00 4.1692559607e-03 4.6559399925e-03 1.1231090321e-04
4.7941279411e+00 4.1613429785e-03 5.0216629170e-03 1.1318550241e-04
4.8024430275e+00 4.1534379125e-03 4.7317310236e-03 1.0969120194e-04
4.8107419014e+00 4.1455598548e-03 5.0003668293e-03 1.0461839702e-04
4.8190259933e+00 4.1378289461e-03 4.7483658418e-03 1.0078999912e-04
4.8272929192e+00 4.1301092133e-03 5.0869709812e-03 1.0026060045e-04
4.8355460167e+00 4.1223601438e-03 4.8838648945e-03 1.0462269711e-04
4.8437829018e+00 4.1146758012e-03 4.8141591251e-03 1.1186420306e-04
4.8520050049e+00 4.1070990264e-03 4.8375600018e-03 1.1374390306e-04
4.8602108955e+00 4.0995050222e-03 4.7421380877e-03 1.1121210264e-04
4.8684029579e+00 4.0919100866e-03 4.9347681925e-03 1.0552540334e-04
4.8765788078e+00 4.0844581090e-03 4.8104007728e-03 1.0358419968e-04
4.8847408295e+00 4.0769381449e-03 4.8222518526e-03 1.0393199773e-04
4.8928871155e+00 4.0695159696e-03 4.7289310023e-03 1.0791519890e-04
4.9010190964e+00 4.0620709769e-03 4.7024800442e-03 1.1195780098e-04
4.9091348648e+00 4.0547400713e-03 4.7034788877e-03 1.1562780128e-04
4.9172382355e+00 4.0473667905e-03 4.7883400694e-03 1.1735699809e-04
4.9253239632e+00 4.0401248261e-03 4.7105289996e-03 1.1880540114e-04
4.9333977699e+00 4.0328251198e-03 4.7190571204e-03 1.2043939932e-04
4.9414558411e+00 4.0256101638e-03 4.8636440188e-03 1.1890070164e-04
4.9495010376e+00 4.0183807723e-03 4.8264907673e-03 1.1600220023e-04
4.9575290680e+00 4.0111728013e-03 4.9117677845e-03 1.1452729814e-04
4.9655451775e+00 4.0041161701e-03 4.7826860100e-03 1.1323420040e-04
4.9735460281e+00 3.9969650097e-03 4.7273179516e-03 1.1190839723e-04
4.9815330505e+00 3.9899582043e-03 4.7709778883e-03 1.1484220158e-04
4.9895057678e+00 3.9828540757e-03 4.7215018421e-03 1.2043720199e-04
4.9974651337e+00 3.9759688079e-03 4.8008128069e-03 1.2223029626e-04
5.0054087639e+00 3.9689340629e-03 4.8128748313e-03 1.2295909983e-04
5.0133399963e+00 3.9620958269e-03 4.7015580349e-03 1.2326439901e-04
5.0212578773e+00 3.9550848305e-03 4.6933749691e-03 1.2370420154e-04
5.0291609764e+00 3.9481851272e-03 4.7409860417e-03 1.2431919458e-04
5.0370512009e+00 3.9414297789e-03 4.7569130547e-03 1.2536659779e-04
5.0449261665e+00 3.9345240220e-03 4.6243001707e-03 1.2592419807e-04
5.0527892113e+00 3.9278632030e-03 4.6620401554e-03 1.2303379481e-04
5.0606379509e+00 3.9210608229e-03 4.7915140167e-03 1.1985120364e-04
5.0684728622e+00 3.9145019837e-03 4.8608737998e-03 1.1677199655e-04
5.0762958527e+00 3.9076912217e-03 4.8601450399e-03 1.1628599896e-04
5.0841040611e+00 3.9009780157e-03 4.9074599519e-03 1.1752559658e-04
5.0918998718e+00 3.8944580592e-03 4.8233182169e-03 1.1757049651e-04
5.0996818542e+00 3.8877360057e-03 4.8203137703e-03 1.1772709695e-04
5.1074509621e+00 3.8813881110e-03 4.9923248589e-03 1.2057690037e-04
5.1152071953e+00 3.8746970240e-03 4.7749681398e-03 1.2448690541e-04
5.1229491234e+00 3.8682990707e-03 4.7790771350e-03 1.2991719996e-04
5.1306800842e+00 3.8618110120e-03 4.8507777974e-03 1.2912969396e-04
5.1383972168e+00 3.8552288897e-03 4.9362871796e-03 1.2194889860e-04
5.1461009979e+00 3.8489541039e-03 4.7498787753e-03 1.2075230188e-04
5.1537928581e+00 3.8424390368e-03 4.9845478497e-03 1.2277410133e-04
5.1614708900e+00 3.8362189662e-03 4.8473379575e-03 1.2865589815e-04
5.1691370010e+00 3.8298850413e-03 4.6486197971e-03 1.3593319454e-04
5.1767902374e+00 3.8234260865e-03 4.6661691740e-03 1.3998920622e-04
5.1844310760e+00 3.8173340727e-03 4.6243900433e-03 1.4182469749e-04
5.1920599937e+00 3.8109358866e-03 5.0975098275e-03 1.3861909974e-04
5.1996750832e+00 3.8046950940e-03 4.7620921396e-03 1.3602050603e-04
5.2072792053e+00 3.7985779345e-03 4.7134100460e-03 1.3474169828e-04
5.2148690224e+00 3.7922600750e-03 4.8790210858e-03 1.3611769828e-04
5.2224478722e+00 3.7864670157e-03 4.8186262138e-03 1.4035520144e-04
5.2300148010e+00 3.7802129518e-03 4.6687698923e-03 1.4299260511e-04
5.2375679016e+00 3.7739889231e-03 4.6158442274e-03 1.4449289301e-04
5.2451109886e+00 3.7681059912e-03 4.8469952308e-03 1.4622180606e-04
5.2526412010e+00 3.7618579809e-03 4.5544398017e-03 1.4790869318e-04
5.2601580620e+00 3.7558719050e-03 4.5994007960e-03 1.4570889471e-04
5.2676639557e+00 3.7499859463e-03 4.6499120072e-03 1.4304059732e-04
5.2751579285e+00 3.7438978907e-03 4.5680901967e-03 1.4350780111e-04
5.2826399803e+00 3.7381350994e-03 4.6197739430e-03 1.4508349705e-04
5.2901110649e+00 3.7322209682e-03 4.8011047766e-03 1.4909540187e-04
5.2975687981e+00 3.7289850879e-03 4.8000318930e-03 1.5392620116e-04
