# wavelength_um clean_reference_transit_depth
6.9880527258e-01 5.0347940996e-03
7.0543509722e-01 5.0341263413e-03
7.1222537756e-01 5.0335442647e-03
7.1917980909e-01 5.0328359939e-03
7.2631728649e-01 5.0321901217e-03
7.3364418745e-01 5.0315214321e-03
7.4114769697e-01 5.0308839418e-03
7.4885541201e-01 5.0302310847e-03
7.5676387548e-01 5.0296029076e-03
7.6487541199e-01 5.0289556384e-03
7.7321058512e-01 5.0282790326e-03
7.8176200390e-01 5.0277146511e-03
7.9054367542e-01 5.0270045176e-03
7.9956829548e-01 5.0263172016e-03
8.0882710218e-01 5.0256736577e-03
8.1834179163e-01 5.0250068307e-03
8.2812142372e-01 5.0243786536e-03
8.3816319704e-01 5.0237695687e-03
8.4847700596e-01 5.0231120549e-03
8.5907161236e-01 5.0225239247e-03
8.6995512247e-01 5.0224442966e-03
8.8113462925e-01 5.0213299692e-03
8.9261639118e-01 5.0207264721e-03
9.0440601110e-01 5.0201411359e-03
9.1650778055e-01 5.0195646472e-03
9.2892551422e-01 5.0190719776e-03
9.4168007374e-01 5.0184777938e-03
9.5475792885e-01 5.0179129466e-03
9.6816557646e-01 5.0173895434e-03
9.8191577196e-01 5.0169010647e-03
9.9599820375e-01 5.0164251588e-03
1.0104219913e+00 5.0159730017e-03
1.0251870155e+00 5.0154589117e-03
1.0402859449e+00 5.0161811523e-03
1.0557199717e+00 5.0170724280e-03
1.0714900494e+00 5.0148391165e-03
1.0875879526e+00 5.0138398074e-03
1.1040070057e+00 5.0134793855e-03
1.1207400560e+00 5.0132754259e-03
1.1377780437e+00 5.0129648298e-03
1.1551159620e+00 5.0125303678e-03
1.1727399826e+00 5.0121811219e-03
1.1906379461e+00 5.0118900836e-03
1.2087960243e+00 5.0272443332e-03
1.2272039652e+00 5.0220452249e-03
1.2458460331e+00 5.0117084756e-03
1.2647049427e+00 5.0114016049e-03
1.2837699652e+00 5.0130593590e-03
1.3030200005e+00 5.0126081333e-03
1.3224459887e+00 5.0168833695e-03
1.3420239687e+00 5.0153248012e-03
1.3617429733e+00 5.0104777329e-03
1.3815850019e+00 5.0102993846e-03
1.4015350342e+00 5.0095622428e-03
1.4215790033e+00 5.0158589147e-03
1.4416999817e+00 5.0551574677e-03
1.4618840218e+00 5.0149485469e-03
1.4821180105e+00 5.0096786581e-03
1.5023889542e+00 5.0133801997e-03
1.5226830244e+00 5.0193802454e-03
1.5429899693e+00 5.0246403553e-03
1.5632979870e+00 5.0250641070e-03
1.5835959911e+00 5.0368946977e-03
1.6038750410e+00 5.0443774089e-03
1.6241259575e+00 5.0267348997e-03
1.6443400383e+00 5.0256326795e-03
1.6645100117e+00 5.0173699856e-03
1.6846280098e+00 5.0090821460e-03
1.7046890259e+00 5.0082006492e-03
1.7246849537e+00 5.0080688670e-03
1.7446130514e+00 5.0082802773e-03
1.7644670010e+00 5.0098807551e-03
1.7842420340e+00 5.0092111342e-03
1.8039360046e+00 5.0088865682e-03
1.8235419989e+00 5.0078937784e-03
1.8430620432e+00 5.0077419728e-03
1.8624889851e+00 5.0097862259e-03
1.8818219900e+00 5.0323167816e-03
1.9010599852e+00 5.0197811797e-03
1.9202009439e+00 5.0122742541e-03
1.9392420053e+00 5.0480533391e-03
1.9581830502e+00 5.0851744600e-03
1.9770230055e+00 5.0566410646e-03
1.9957619905e+00 5.0645270385e-03
2.0143959522e+00 5.0991051830e-03
2.0329279900e+00 5.0667021424e-03
2.0513579845e+00 5.0676977262e-03
2.0696830750e+00 5.0734370016e-03
2.0879058838e+00 5.0658644177e-03
2.1060259342e+00 5.0384649076e-03
2.1240420341e+00 5.0158104859e-03
2.1419548988e+00 5.0089973956e-03
2.1597669125e+00 5.0107548013e-03
2.1774780750e+00 5.0108330324e-03
2.1950860023e+00 5.0096362829e-03
2.2125930786e+00 5.0075137988e-03
2.2300009727e+00 5.0073722377e-03
2.2473099232e+00 5.0079245120e-03
2.2645208836e+00 5.0077638589e-03
2.2816340923e+00 5.0077051856e-03
2.2986500263e+00 5.0072744489e-03
2.3155701160e+00 5.0072185695e-03
2.3323938847e+00 5.0072250888e-03
2.3491239548e+00 5.0071035512e-03
2.3657619953e+00 5.0072055310e-03
2.3823060989e+00 5.0071785226e-03
2.3987600803e+00 5.0071477890e-03
2.4151220322e+00 5.0070984289e-03
2.4313950539e+00 5.0071789883e-03
2.4475800991e+00 5.0071687438e-03
2.4636769295e+00 5.0074779429e-03
2.4796869755e+00 5.0135781057e-03
2.4956109524e+00 5.0156572834e-03
2.5114490986e+00 5.0119520165e-03
2.5272049904e+00 5.0114602782e-03
2.5428769588e+00 5.0085145049e-03
2.5584681034e+00 5.0080236979e-03
2.5739779472e+00 5.0106244162e-03
2.5894069672e+00 5.0140637904e-03
2.6047570705e+00 5.0285174511e-03
2.6200280190e+00 5.0289491192e-03
2.6352229118e+00 5.0272694789e-03
2.6503410339e+00 5.0317361020e-03
2.6653831005e+00 5.1040183753e-03
2.6803500652e+00 5.1355445758e-03
2.6952440739e+00 5.1373792812e-03
2.7100639343e+00 5.1302588545e-03
2.7248110771e+00 5.1026502624e-03
2.7394890785e+00 5.0976364873e-03
2.7540950775e+00 5.1253656857e-03
2.7686300278e+00 5.1293717697e-03
2.7830979824e+00 5.1312930882e-03
2.7974970341e+00 5.1216096617e-03
2.8118290901e+00 5.1173935644e-03
2.8260951042e+00 5.1017971709e-03
2.8402929306e+00 5.0855986774e-03
2.8544280529e+00 5.0624459982e-03
2.8684968948e+00 5.0467336550e-03
2.8825039864e+00 5.0324136391e-03
2.8964459896e+00 5.0228638574e-03
2.9103269577e+00 5.0177494995e-03
2.9241468906e+00 5.0149275921e-03
2.9379050732e+00 5.0123347901e-03
2.9516038895e+00 5.0221299753e-03
2.9652419090e+00 5.0421599299e-03
2.9788219929e+00 5.0421454944e-03
2.9923439026e+00 5.0308969803e-03
3.0058081150e+00 5.0276350230e-03
3.0192160606e+00 5.0325873308e-03
3.0325660706e+00 5.0242803991e-03
3.0458610058e+00 5.0157341175e-03
3.0591011047e+00 5.0111864693e-03
3.0722858906e+00 5.0086737610e-03
3.0854179859e+00 5.0084842369e-03
3.0984950066e+00 5.0121368840e-03
3.1115200520e+00 5.0184796564e-03
3.1244928837e+00 5.0217281096e-03
3.1374130249e+00 5.0167357549e-03
3.1502830982e+00 5.0151022151e-03
3.1631019115e+00 5.0209630281e-03
3.1758699417e+00 5.0177536905e-03
3.1885900497e+00 5.0143012777e-03
3.2012600899e+00 5.0099408254e-03
3.2138810158e+00 5.0091622397e-03
3.2264540195e+00 5.0085554831e-03
3.2389800549e+00 5.0078020431e-03
3.2514579296e+00 5.0070257857e-03
3.2638890743e+00 5.0070350990e-03
3.2762739658e+00 5.0070821308e-03
3.2886140347e+00 5.0069955178e-03
3.3009068966e+00 5.0069526769e-03
3.3131558895e+00 5.0069312565e-03
3.3253600597e+00 5.0069326535e-03
3.3375210762e+00 5.0069997087e-03
3.3496379852e+00 5.0068325363e-03
3.3617110252e+00 5.0069014542e-03
3.3737409115e+00 5.0068506971e-03
3.3857290745e+00 5.0068278797e-03
3.3976759911e+00 5.0069075078e-03
3.4095809460e+00 5.0068609416e-03
3.4214429855e+00 5.0068683922e-03
3.4332649708e+00 5.0068809651e-03
3.4450469017e+00 5.0069224089e-03
3.4567890167e+00 5.0068367273e-03
3.4684898853e+00 5.0068083219e-03
3.4801530838e+00 5.0068031996e-03
3.4917769432e+00 5.0068120472e-03
3.5033609867e+00 5.0069312565e-03
3.5149068832e+00 5.0069210120e-03
3.5264151096e+00 5.0069587305e-03
3.5378849506e+00 5.0068949349e-03
3.5493180752e+00 5.0068506971e-03
3.5607149601e+00 5.0069056451e-03
3.5720739365e+00 5.0068655983e-03
3.5833969116e+00 5.0068432465e-03
3.5946838856e+00 5.0069051795e-03
3.6059350967e+00 5.0068832934e-03
3.6171500683e+00 5.0069037825e-03
3.6283309460e+00 5.0069815479e-03
3.6394770145e+00 5.0069517456e-03
3.6505870819e+00 5.0067873672e-03
3.6616640091e+00 5.0068995915e-03
3.6727070808e+00 5.0069577992e-03
3.6837160587e+00 5.0068395212e-03
3.6946909428e+00 5.0067789853e-03
3.7056329250e+00 5.0069303252e-03
3.7165420055e+00 5.0069061108e-03
3.7274188995e+00 5.0068791024e-03
3.7382628918e+00 5.0068288110e-03
3.7490749359e+00 5.0068460405e-03
3.7598559856e+00 5.0069340505e-03
3.7706038952e+00 5.0067617558e-03
3.7813210487e+00 5.0068064593e-03
3.7920079231e+00 5.0068302080e-03
3.8026630878e+00 5.0069610588e-03
3.8132879734e+00 5.0069303252e-03
3.8238821030e+00 5.0068576820e-03
3.8344459534e+00 5.0067752600e-03
3.8449800014e+00 5.0068199635e-03
3.8554849625e+00 5.0068390556e-03
3.8659598827e+00 5.0068120472e-03
3.8764059544e+00 5.0067659467e-03
3.8868219852e+00 5.0069135614e-03
3.8972098827e+00 5.0069405697e-03
3.9075689316e+00 5.0069009885e-03
3.9179000854e+00 5.0068539567e-03
3.9282031059e+00 5.0069368444e-03
3.9384779930e+00 5.0067529082e-03
3.9487259388e+00 5.0069107674e-03
3.9589450359e+00 5.0067673437e-03
3.9691359997e+00 5.0067575648e-03
3.9793009758e+00 5.0068702549e-03
3.9894390106e+00 5.0069387071e-03
3.9995501041e+00 5.0068837591e-03
4.0096349716e+00 5.0071496516e-03
4.0196938515e+00 5.0079594366e-03
4.0297250748e+00 5.0101215020e-03
4.0397310257e+00 5.0135599449e-03
4.0497112274e+00 5.0166132860e-03
4.0596652031e+00 5.0166700967e-03
4.0695948601e+00 5.0238333642e-03
4.0794978142e+00 5.0333947875e-03
4.0893759727e+00 5.0371624529e-03
4.0992298126e+00 5.0372877158e-03
4.1090588570e+00 5.0328900106e-03
4.1188631058e+00 5.0266459584e-03
4.1286420822e+00 5.0327917561e-03
4.1383981705e+00 5.0354092382e-03
4.1481289864e+00 5.0367349759e-03
4.1578359604e+00 5.0378232263e-03
4.1675200462e+00 5.0490763970e-03
4.1771788597e+00 5.0777993165e-03
4.1868162155e+00 5.1133786328e-03
4.1964287758e+00 5.1364754327e-03
4.2060179710e+00 5.1535847597e-03
4.2155852318e+00 5.1699811593e-03
4.2251291275e+00 5.1760333590e-03
4.2346510887e+00 5.1782359369e-03
4.2441492081e+00 5.1821367815e-03
4.2536239624e+00 5.1854676567e-03
4.2630791664e+00 5.1810578443e-03
4.2725100517e+00 5.1826327108e-03
4.2819190025e+00 5.1844269037e-03
4.2913069725e+00 5.1849856973e-03
4.3006730080e+00 5.1845591515e-03
4.3100171089e+00 5.1832078025e-03
4.3193402290e+00 5.1762643270e-03
4.3286418915e+00 5.1750615239e-03
4.3379220963e+00 5.1718247123e-03
4.3471808434e+00 5.1609887742e-03
4.3564200401e+00 5.1543209702e-03
4.3656368256e+00 5.1466031000e-03
4.3748331070e+00 5.1408624277e-03
4.3840088844e+00 5.1358882338e-03
4.3931651115e+00 5.1302462816e-03
4.4022998810e+00 5.1170988008e-03
4.4114151001e+00 5.1081259735e-03
4.4205098152e+00 5.1028374583e-03
4.4295849800e+00 5.0982572138e-03
4.4386410713e+00 5.0784447230e-03
4.4476761818e+00 5.0677461550e-03
4.4566922188e+00 5.0618373789e-03
4.4656891823e+00 5.0556906499e-03
4.4746651649e+00 5.0485599786e-03
4.4836230278e+00 5.0400570035e-03
4.4925618172e+00 5.0337882712e-03
4.5014810562e+00 5.0326818600e-03
4.5103821754e+00 5.0426018424e-03
4.5192627907e+00 5.0427117385e-03
4.5281257629e+00 5.0377142616e-03
4.5369710922e+00 5.0391540863e-03
4.5457959175e+00 5.0384444185e-03
4.5546040535e+00 5.0376760773e-03
4.5633931160e+00 5.0375494175e-03
4.5721631050e+00 5.0350739621e-03
4.5809168816e+00 5.0342255272e-03
4.5896511078e+00 5.0340713933e-03
4.5983681679e+00 5.0306282938e-03
4.6070671082e+00 5.0345566124e-03
4.6157479286e+00 5.0396886654e-03
4.6244120598e+00 5.0409412943e-03
4.6330580711e+00 5.0381398760e-03
4.6416869164e+00 5.0382120535e-03
4.6502981186e+00 5.0423783250e-03
4.6588931084e+00 5.0422661006e-03
4.6674690247e+00 5.0435103476e-03
4.6760292053e+00 5.0470274873e-03
4.6845731735e+00 5.0471224822e-03
4.6930990219e+00 5.0543397665e-03
4.7016091347e+00 5.0638779067e-03
4.7101011276e+00 5.0594643690e-03
4.7185778618e+00 5.0588501617e-03
4.7270359993e+00 5.0643244758e-03
4.7354798317e+00 5.0732223317e-03
4.7439060211e+00 5.0732363015e-03
4.7523169518e+00 5.0668679178e-03
4.7607111931e+00 5.0634983927e-03
4.7690892220e+00 5.0692427903e-03
4.7774510384e+00 5.0824489444e-03
4.7857980728e+00 5.0735189579e-03
4.7941279411e+00 5.0690849312e-03
4.8024430275e+00 5.0814468414e-03
4.8107419014e+00 5.0892615691e-03
4.8190259933e+00 5.0908904523e-03
4.8272929192e+00 5.0810086541e-03
4.8355460167e+00 5.0785150379e-03
4.8437829018e+00 5.0800857134e-03
4.8520050049e+00 5.0804740749e-03
4.8602108955e+00 5.0783413462e-03
4.8684029579e+00 5.0736297853e-03
4.8765788078e+00 5.0732083619e-03
4.8847408295e+00 5.0717792474e-03
4.8928871155e+00 5.0658262335e-03
4.9010190964e+00 5.0616078079e-03
4.9091348648e+00 5.0572529435e-03
4.9172382355e+00 5.0511639565e-03
4.9253239632e+00 5.0444705412e-03
4.9333977699e+00 5.0372765400e-03
4.9414558411e+00 5.0302287564e-03
4.9495010376e+00 5.0235399976e-03
4.9575290680e+00 5.0200680271e-03
4.9655451775e+00 5.0168745220e-03
4.9735460281e+00 5.0137303770e-03
4.9815330505e+00 5.0171813928e-03
4.9895057678e+00 5.0225672312e-03
4.9974651337e+00 5.0177350640e-03
5.0054087639e+00 5.0134039484e-03
5.0133399963e+00 5.0154109485e-03
5.0212578773e+00 5.0178533420e-03
5.0291609764e+00 5.0211241469e-03
5.0370512009e+00 5.0225486048e-03
5.0449261665e+00 5.0231362693e-03
5.0527892113e+00 5.0246804021e-03
5.0606379509e+00 5.0269523636e-03
5.0684728622e+00 5.0297761336e-03
5.0762958527e+00 5.0322627649e-03
5.0841040611e+00 5.0342404284e-03
5.0918998718e+00 5.0377510488e-03
5.0996818542e+00 5.0409580581e-03
5.1074509621e+00 5.0384784117e-03
5.1152071953e+00 5.0359829329e-03
5.1229491234e+00 5.0353961997e-03
5.1306800842e+00 5.0330399536e-03
5.1383972168e+00 5.0274082460e-03
5.1461009979e+00 5.0307619385e-03
5.1537928581e+00 5.0395606086e-03
5.1614708900e+00 5.0598355010e-03
5.1691370010e+00 5.0775385462e-03
5.1767902374e+00 5.0624492578e-03
5.1844310760e+00 5.0488896668e-03
5.1920599937e+00 5.0511253066e-03
5.1996750832e+00 5.0570163876e-03
5.2072792053e+00 5.0664767623e-03
5.2148690224e+00 5.0677778199e-03
5.2224478722e+00 5.0602965057e-03
5.2300148010e+00 5.0587723963e-03
5.2375679016e+00 5.0608431920e-03
5.2451109886e+00 5.0597237423e-03
5.2526412010e+00 5.0582350232e-03
5.2601580620e+00 5.0600352697e-03
5.2676639557e+00 5.0605270080e-03
5.2751579285e+00 5.0522778183e-03
5.2826399803e+00 5.0426428206e-03
5.2901110649e+00 5.0415303558e-03
5.2975687981e+00 5.0409398973e-03
