6.988050000000000095e-01 1.122939478791249002e+00
7.054350000000000342e-01 1.172575712413851168e+00
7.122249999999999970e-01 1.141811443675144977e+00
7.191800000000000415e-01 1.155049368878356741e+00
7.263169999999999904e-01 1.167191389656017986e+00
7.336439999999999628e-01 1.182825462019852836e+00
7.411480000000000290e-01 1.191483617538985351e+00
7.488550000000000484e-01 1.196909110757537809e+00
7.567639999999999922e-01 1.203672693112510350e+00
7.648749999999999716e-01 1.208219017319367650e+00
7.732109999999999816e-01 1.203998927007952524e+00
7.817619999999999569e-01 1.190309559973988573e+00
7.905440000000000245e-01 1.172308033838408869e+00
7.995679999999999454e-01 1.175492839660995159e+00
8.088269999999999627e-01 1.177005286319426025e+00
8.183420000000000138e-01 1.166602626344735105e+00
8.281209999999999960e-01 1.166047717619634438e+00
8.381629999999999914e-01 1.160093569964720572e+00
8.484770000000000367e-01 1.144041581761425785e+00
8.590719999999999468e-01 1.150855304408044288e+00
8.699550000000000338e-01 1.172590176439770815e+00
8.811350000000000016e-01 1.168577026853343526e+00
8.926159999999999650e-01 1.163648652033418829e+00
9.044060000000000432e-01 1.155477688603697040e+00
9.165079999999999893e-01 1.150814628361202407e+00
9.289260000000000295e-01 1.150862140312386206e+00
9.416799999999999615e-01 1.146707158713386576e+00
9.547579999999999956e-01 1.142609527068662256e+00
9.681659999999999711e-01 1.137705062820456581e+00
9.819160000000000110e-01 1.140408405385237023e+00
9.959980000000000500e-01 1.160144377064391996e+00
1.010421999999999931e+00 1.156153462054294145e+00
1.025187000000000070e+00 1.152720103495384452e+00
1.040286000000000044e+00 1.148171247497439262e+00
1.055719999999999992e+00 1.141376360140524460e+00
1.071490000000000054e+00 1.139593842404474255e+00
1.087587999999999999e+00 1.129195687973432838e+00
1.104006999999999961e+00 1.129746981414255558e+00
1.120740000000000069e+00 1.126393535581810879e+00
1.137777999999999956e+00 1.125691528261958174e+00
1.155116000000000032e+00 1.120890887139187830e+00
1.172739999999999894e+00 1.131554392968501022e+00
1.190638000000000085e+00 1.117653746648835877e+00
1.208795999999999982e+00 1.119335215909568193e+00
1.227203999999999962e+00 1.115324423459583825e+00
1.245846000000000009e+00 1.120603903546392832e+00
1.264704999999999968e+00 1.112105342763521909e+00
1.283770000000000078e+00 1.110558475396070222e+00
1.303020000000000067e+00 1.110708909784801079e+00
1.322446000000000010e+00 1.110851903774459526e+00
1.342024000000000106e+00 1.138034389645284916e+00
1.361742999999999926e+00 1.139908014192070107e+00
1.381585000000000063e+00 1.133304057547342314e+00
1.401534999999999975e+00 1.137084405432842837e+00
1.421578999999999926e+00 1.139322158306459221e+00
1.441699999999999982e+00 1.135576369617590231e+00
1.461883999999999961e+00 1.126748505786737686e+00
1.482118000000000047e+00 1.121268092646344749e+00
1.502388999999999974e+00 1.116658974870734733e+00
1.522683000000000009e+00 1.110302483586188993e+00
1.542990000000000084e+00 1.104677963747304759e+00
1.563298000000000076e+00 1.100139288427960382e+00
1.583596000000000004e+00 1.096952319004567133e+00
1.603874999999999940e+00 1.094947098273755470e+00
1.624125999999999959e+00 1.093892851383869491e+00
1.644339999999999913e+00 1.093916549980339603e+00
1.664509999999999934e+00 1.094257412454546108e+00
1.684628000000000014e+00 1.093898319409502884e+00
1.704688999999999899e+00 1.095115158022790247e+00
1.724685000000000024e+00 1.099902216864440119e+00
1.744612999999999969e+00 1.107659318956982775e+00
1.764467000000000008e+00 1.113565478422224864e+00
1.784242000000000106e+00 1.121358510066476910e+00
1.803935999999999984e+00 1.125327284862749799e+00
1.823541999999999996e+00 1.123965893089549528e+00
1.843061999999999978e+00 1.126338187992607542e+00
1.862489000000000061e+00 1.133199395878428994e+00
1.881822000000000106e+00 1.122448069622266287e+00
1.901059999999999972e+00 1.116073725774551662e+00
1.920201000000000047e+00 1.115318195418524061e+00
1.939241999999999910e+00 1.121896151469250480e+00
1.958183000000000007e+00 1.127256129213165758e+00
1.977022999999999975e+00 1.120558853939004784e+00
1.995762000000000036e+00 1.117883588989608157e+00
2.014396000000000075e+00 1.112971369905199071e+00
2.032928000000000068e+00 1.106875964371490051e+00
2.051358000000000015e+00 1.099532414894598631e+00
2.069682999999999939e+00 1.093926399840914776e+00
2.087905999999999818e+00 1.090311556439912843e+00
2.106025999999999954e+00 1.087159884196552184e+00
2.124042000000000208e+00 1.085531688075442869e+00
2.141954999999999831e+00 1.084299194311369785e+00
2.159766999999999992e+00 1.084748445647456316e+00
2.177477999999999803e+00 1.085242569860917605e+00
2.195085999999999871e+00 1.086841018826177896e+00
2.212593000000000032e+00 1.086846659735205112e+00
2.230001000000000122e+00 1.089883451735180087e+00
2.247310000000000141e+00 1.091640096072996835e+00
2.264520999999999784e+00 1.092613483026889210e+00
2.281633999999999940e+00 1.093628830593557977e+00
2.298649999999999860e+00 1.103834256892729293e+00
2.315570000000000128e+00 1.104723060077362096e+00
2.332393999999999856e+00 1.100976343509936228e+00
2.349124000000000212e+00 1.102706663798550091e+00
2.365762000000000143e+00 1.105006890263591224e+00
2.382305999999999813e+00 1.103954078791941518e+00
2.398759999999999781e+00 1.103571096254344353e+00
2.415122000000000213e+00 1.103747064672806921e+00
2.431395000000000195e+00 1.107147218937369892e+00
2.447579999999999867e+00 1.113216891254359187e+00
2.463677000000000117e+00 1.112657784885431544e+00
2.479687000000000197e+00 1.120780668978484940e+00
2.495610999999999802e+00 1.119869973455346335e+00
2.511448999999999820e+00 1.128641629309833583e+00
2.527204999999999924e+00 1.132281065388310415e+00
2.542876999999999832e+00 1.134357064308045171e+00
2.558467999999999964e+00 1.131257329266886824e+00
2.573977999999999877e+00 1.130110538331035697e+00
2.589407000000000014e+00 1.130019771971588982e+00
2.604757000000000211e+00 1.124179857595273946e+00
2.620028000000000024e+00 1.120757536393605092e+00
2.635222999999999871e+00 1.119795538215126118e+00
2.650341000000000058e+00 1.116291629610721037e+00
2.665382999999999836e+00 1.121585843387453929e+00
2.680349999999999788e+00 1.135194882460642152e+00
2.695244000000000195e+00 1.135253829723520180e+00
2.710064000000000028e+00 1.135361534455903154e+00
2.724810999999999872e+00 1.129374736049785666e+00
2.739488999999999841e+00 1.128558368863682659e+00
2.754094999999999960e+00 1.122862529770003892e+00
2.768629999999999924e+00 1.125397436984331145e+00
2.783097999999999850e+00 1.129436769047729827e+00
2.797496999999999900e+00 1.122331421116447681e+00
2.811828999999999912e+00 1.125192057218856068e+00
2.826095000000000024e+00 1.116005500078112167e+00
2.840292999999999957e+00 1.124731089130450945e+00
2.854427999999999965e+00 1.120906356551137462e+00
2.868497000000000074e+00 1.119773587284904393e+00
2.882503999999999955e+00 1.119781636410048575e+00
2.896446000000000076e+00 1.118533970493509555e+00
2.910327000000000108e+00 1.115880778439544807e+00
2.924147000000000052e+00 1.114116066175893760e+00
2.937905000000000211e+00 1.112651278538571820e+00
2.951604000000000116e+00 1.112424094054943913e+00
2.965241999999999933e+00 1.111375865974905786e+00
2.978822000000000081e+00 1.108539146522401042e+00
2.992344000000000115e+00 1.106615585713351724e+00
3.005808000000000035e+00 1.104475548181680589e+00
3.019216000000000122e+00 1.102704244409356216e+00
3.032566000000000095e+00 1.101038556802943491e+00
3.045860999999999930e+00 1.101117710669079708e+00
3.059101000000000070e+00 1.098399578974542212e+00
3.072286000000000072e+00 1.096462353058523131e+00
3.085418000000000216e+00 1.095632553931496833e+00
3.098495000000000221e+00 1.091580872994718732e+00
3.111520000000000064e+00 1.093459358816423643e+00
3.124493000000000187e+00 1.088537005873217556e+00
3.137413000000000007e+00 1.089639638576207714e+00
3.150282999999999944e+00 1.087985190112383815e+00
3.163101999999999858e+00 1.086758330205676470e+00
3.175870000000000193e+00 1.086687308785176054e+00
3.188590000000000035e+00 1.082852562174527966e+00
3.201259999999999994e+00 1.087102994318447147e+00
3.213881000000000210e+00 1.082169714411816530e+00
3.226453999999999933e+00 1.080359608631729085e+00
3.238980000000000192e+00 1.081184845010507489e+00
3.251457999999999959e+00 1.075936257003435204e+00
3.263888999999999818e+00 1.076483037045961266e+00
3.276273999999999909e+00 1.077893774323772202e+00
3.288613999999999926e+00 1.075347747979198409e+00
3.300907000000000036e+00 1.077566423258740969e+00
3.313156000000000212e+00 1.079852383484481759e+00
3.325359999999999872e+00 1.079788860195110667e+00
3.337521000000000182e+00 1.080485210702554655e+00
3.349638000000000115e+00 1.079900754035816757e+00
3.361711000000000116e+00 1.076523491723059722e+00
3.373740999999999879e+00 1.073980928779648458e+00
3.385728999999999989e+00 1.074879011103068827e+00
3.397676000000000140e+00 1.072992822661788859e+00
3.409581000000000195e+00 1.074602267122939159e+00
3.421443000000000012e+00 1.073433308599349711e+00
3.433265000000000011e+00 1.072465794668308270e+00
3.445047000000000192e+00 1.072435271851884586e+00
3.456789000000000112e+00 1.071940394122238960e+00
3.468490000000000073e+00 1.070638485405771556e+00
3.480153000000000052e+00 1.070968918056173447e+00
3.491776999999999909e+00 1.072827186022329071e+00
3.503360999999999947e+00 1.068646558919366996e+00
3.514907000000000004e+00 1.067750629253430894e+00
3.526415000000000077e+00 1.068091744576138202e+00
3.537885000000000169e+00 1.067353621884914894e+00
3.549317999999999973e+00 1.066815444863840279e+00
3.560715000000000074e+00 1.066638102109298325e+00
3.572074000000000193e+00 1.066247412284888840e+00
3.583397000000000165e+00 1.065006806229417124e+00
3.594683999999999990e+00 1.063387038996930212e+00
3.605935000000000112e+00 1.063532821914566995e+00
3.617150000000000087e+00 1.063504203627587241e+00
3.628331000000000195e+00 1.062759546900519103e+00
3.639476999999999851e+00 1.061803047282836143e+00
3.650586999999999804e+00 1.061201690813442289e+00
3.661664000000000030e+00 1.061062863948940782e+00
3.672706999999999944e+00 1.061113446062721399e+00
3.683715999999999990e+00 1.060811956296166203e+00
3.694691000000000169e+00 1.059854253680547975e+00
3.705633000000000177e+00 1.059226611563738762e+00
3.716542000000000012e+00 1.058208200890887518e+00
3.727418999999999816e+00 1.058015794069380400e+00
3.738262999999999892e+00 1.059868793457905189e+00
3.749074999999999935e+00 1.058359489134997666e+00
3.759856000000000087e+00 1.057648964787670565e+00
3.770604000000000067e+00 1.057529325630295558e+00
3.781321000000000154e+00 1.057176068628145282e+00
3.792008000000000045e+00 1.056820401219708883e+00
3.802662999999999904e+00 1.056844294464004852e+00
3.813288000000000011e+00 1.057565824956303580e+00
3.823881999999999781e+00 1.057567087292059060e+00
3.834445999999999799e+00 1.057022629131710634e+00
3.844980000000000064e+00 1.056013813145632252e+00
3.855484999999999829e+00 1.055952614652113652e+00
3.865959999999999841e+00 1.055915194000758728e+00
3.876405999999999796e+00 1.055922178091914798e+00
3.886821999999999999e+00 1.056196299796260618e+00
3.897209999999999841e+00 1.056210109028703714e+00
3.907569000000000070e+00 1.056023544188080088e+00
3.917899999999999938e+00 1.055602552709071329e+00
3.928202999999999889e+00 1.055675923123859050e+00
3.938477999999999923e+00 1.056067142442969509e+00
3.948726000000000180e+00 1.055946434378596255e+00
3.958944999999999936e+00 1.056288890040835371e+00
3.969136000000000220e+00 1.057064200608838878e+00
3.979300999999999977e+00 1.057111495350673724e+00
3.989438999999999957e+00 1.057705408272949121e+00
3.999550000000000161e+00 1.059125551139243449e+00
4.009635000000000282e+00 1.059559788063862529e+00
4.019694000000000322e+00 1.059940268017028897e+00
4.029725000000000001e+00 1.060764788283513838e+00
4.039730999999999739e+00 1.061763422508962051e+00
4.049711000000000283e+00 1.062880413840363358e+00
4.059664999999999857e+00 1.063394242015678559e+00
4.069594999999999629e+00 1.064538777239700806e+00
4.079498000000000069e+00 1.066759763305904496e+00
4.089375999999999678e+00 1.066925964926230375e+00
4.099230000000000373e+00 1.066498559661965606e+00
4.109059000000000239e+00 1.066819784139588778e+00
4.118863000000000163e+00 1.067954134837255431e+00
4.128642000000000145e+00 1.070186246273994390e+00
4.138397999999999577e+00 1.069488276070788002e+00
4.148128999999999955e+00 1.068084889828111672e+00
4.157835999999999643e+00 1.070789725920108237e+00
4.167519999999999669e+00 1.072579562845092260e+00
4.177178999999999753e+00 1.072263104444063364e+00
4.186816000000000315e+00 1.071987376490021182e+00
4.196429000000000187e+00 1.071733635141405960e+00
4.206018000000000256e+00 1.073985247253082420e+00
4.215584999999999916e+00 1.076230995288423475e+00
4.225128999999999913e+00 1.075305279466304276e+00
4.234651000000000387e+00 1.076043554804037683e+00
4.244149000000000171e+00 1.079920873458020791e+00
4.253624000000000294e+00 1.080231751900087689e+00
4.263079000000000285e+00 1.077769326720760645e+00
4.272509999999999586e+00 1.077962128432777389e+00
4.281919000000000253e+00 1.078873923851299876e+00
4.291306999999999761e+00 1.079961696243492808e+00
4.300672999999999746e+00 1.081350054034454944e+00
4.310017000000000209e+00 1.083990737146216299e+00
4.319340000000000401e+00 1.086401559093000291e+00
4.328642000000000323e+00 1.088170660923420519e+00
4.337921999999999834e+00 1.089229724444408021e+00
4.347180999999999962e+00 1.089336385709962496e+00
4.356419999999999959e+00 1.089674745784601440e+00
4.365637000000000434e+00 1.090202735907862985e+00
4.374832999999999750e+00 1.091682322492708357e+00
4.384008999999999823e+00 1.093655614851272384e+00
4.393164999999999765e+00 1.095625228883810420e+00
4.402300000000000324e+00 1.097660748779887951e+00
4.411414999999999864e+00 1.098591460964566613e+00
4.420510000000000161e+00 1.099359206626612018e+00
4.429585000000000328e+00 1.101744352586784048e+00
4.438640999999999615e+00 1.104390155748629310e+00
4.447676000000000407e+00 1.105231878305057647e+00
4.456692000000000320e+00 1.106059749948862914e+00
4.465689000000000242e+00 1.107944325642859162e+00
4.474664999999999893e+00 1.109868629249516125e+00
4.483622999999999692e+00 1.109781814499106067e+00
4.492562000000000388e+00 1.109746800204517880e+00
4.501481000000000066e+00 1.111428821849832049e+00
4.510381999999999891e+00 1.113090982700690956e+00
4.519262999999999586e+00 1.112015711674031460e+00
4.528126000000000317e+00 1.110900486300691492e+00
4.536971000000000309e+00 1.111730765382588970e+00
4.545796000000000170e+00 1.112597505806433684e+00
4.554604000000000319e+00 1.113823094870879604e+00
4.563392999999999589e+00 1.115139499891335984e+00
4.572162999999999755e+00 1.114483282799286323e+00
4.580917000000000350e+00 1.113536864801909942e+00
4.589650999999999925e+00 1.110866345295218327e+00
4.598367999999999789e+00 1.107689563199254268e+00
4.607066999999999801e+00 1.106811699222650880e+00
4.615747999999999962e+00 1.107044175751521253e+00
4.624412000000000411e+00 1.107132268712001988e+00
4.633058000000000121e+00 1.107103147093368101e+00
4.641687000000000118e+00 1.105449224740463476e+00
4.650298000000000265e+00 1.101643236153341698e+00
4.658892999999999951e+00 1.099066674310226865e+00
4.667468999999999646e+00 1.099593830181655907e+00
4.676028999999999769e+00 1.099998302811492357e+00
4.684573000000000320e+00 1.098990711223277517e+00
4.693099000000000132e+00 1.098014836530700977e+00
4.701609000000000371e+00 1.098893020582871971e+00
4.710100999999999871e+00 1.100020202712898021e+00
4.718577999999999939e+00 1.100568642093244121e+00
4.727036000000000016e+00 1.100840539619713621e+00
4.735479999999999912e+00 1.101790135377944901e+00
4.743905999999999956e+00 1.103563120454261970e+00
4.752316999999999680e+00 1.104892905278123338e+00
4.760710999999999693e+00 1.104449776155162599e+00
4.769089000000000134e+00 1.103990291469252982e+00
4.777451000000000114e+00 1.104764802304811333e+00
4.785797999999999774e+00 1.105614768255589908e+00
4.794127999999999723e+00 1.104604709362540627e+00
4.802443000000000239e+00 1.102676864813033397e+00
4.810742000000000296e+00 1.101181340956389976e+00
4.819026000000000032e+00 1.100407474670610730e+00
4.827293000000000056e+00 1.099693390841936846e+00
4.835545999999999900e+00 1.100594927780024435e+00
4.843783000000000172e+00 1.101513476091433130e+00
4.852005000000000123e+00 1.100588918673403693e+00
4.860210999999999615e+00 1.098848986791541193e+00
4.868402999999999814e+00 1.098218062001039330e+00
4.876579000000000441e+00 1.099837155011098577e+00
4.884741000000000000e+00 1.101496969765545009e+00
4.892886999999999986e+00 1.100352992328826662e+00
4.901018999999999792e+00 1.099050699852078150e+00
4.909135000000000026e+00 1.099598177144819555e+00
4.917238000000000220e+00 1.101702488272901403e+00
4.925323999999999813e+00 1.103155466701930987e+00
4.933398000000000394e+00 1.099877609004544787e+00
4.941455999999999626e+00 1.096593077355030754e+00
4.949500999999999706e+00 1.096914639520259360e+00
4.957529000000000075e+00 1.098975670492851719e+00
4.965544999999999654e+00 1.099667020932460604e+00
4.973545999999999800e+00 1.095457920032981702e+00
4.981532999999999767e+00 1.091572831717121383e+00
4.989506000000000441e+00 1.091297564102688078e+00
4.997465000000000046e+00 1.092294569554160599e+00
5.005409000000000219e+00 1.093472370162130947e+00
5.013340000000000352e+00 1.095065143715419520e+00
5.021258000000000443e+00 1.096720247305015272e+00
5.029161000000000215e+00 1.094932929148094702e+00
5.037050999999999945e+00 1.091842550214548124e+00
5.044926000000000244e+00 1.089079148314124224e+00
5.052788999999999753e+00 1.087292104858044617e+00
5.060637999999999970e+00 1.085484511924190487e+00
5.068473000000000006e+00 1.086110130641598337e+00
5.076296000000000141e+00 1.088489469997121706e+00
5.084103999999999957e+00 1.090948803697432190e+00
5.091899999999999871e+00 1.090198321963745665e+00
5.099681999999999604e+00 1.089464533154092196e+00
5.107451000000000185e+00 1.088708307665567920e+00
5.115206999999999837e+00 1.087883457514005281e+00
5.122949000000000197e+00 1.087039481486932635e+00
5.130679999999999907e+00 1.087334959884660668e+00
5.138397000000000325e+00 1.087996049789244246e+00
5.146100999999999814e+00 1.088687173637340244e+00
5.153793000000000291e+00 1.089768678138780089e+00
5.161470999999999698e+00 1.090898747229774202e+00
5.169137000000000093e+00 1.090252422038947788e+00
5.176789999999999559e+00 1.087204612741709431e+00
5.184431000000000012e+00 1.084316295553323428e+00
5.192059999999999675e+00 1.085065805915881310e+00
5.199675000000000047e+00 1.087320566468362282e+00
5.207278999999999769e+00 1.089710536938294894e+00
5.214869000000000199e+00 1.087180704805521536e+00
5.222447999999999979e+00 1.084701042817246108e+00
5.230014999999999858e+00 1.082912880572995729e+00
5.237567999999999557e+00 1.083033216036529245e+00
5.245110999999999635e+00 1.083157749277912307e+00
5.252640999999999671e+00 1.083276479396407366e+00
5.260157999999999667e+00 1.083384577670947646e+00
5.267663999999999902e+00 1.083492053835508395e+00
5.275158000000000236e+00 1.083391113522689020e+00
5.282639999999999780e+00 1.083189548302459393e+00
5.290110999999999564e+00 1.082985619092982743e+00
5.297569000000000194e+00 1.082261225322958653e+00
