6.988050000000000095e-01 6.843257402252634902e-01
7.054350000000000342e-01 7.697377472921305142e-01
7.122249999999999970e-01 7.466379486294706380e-01
7.191800000000000415e-01 7.653821690583441084e-01
7.263169999999999904e-01 7.908796017392376587e-01
7.336439999999999628e-01 8.111384269249770629e-01
7.411480000000000290e-01 8.026676001645416392e-01
7.488550000000000484e-01 7.866904808657527726e-01
7.567639999999999922e-01 7.769279321285307294e-01
7.648749999999999716e-01 6.845654380487998791e-01
7.732109999999999816e-01 7.025583934769497052e-01
7.817619999999999569e-01 7.927640216991220790e-01
7.905440000000000245e-01 8.005184802143519018e-01
7.995679999999999454e-01 8.116566235452842282e-01
8.088269999999999627e-01 8.348867147369083419e-01
8.183420000000000138e-01 8.431499612880223316e-01
8.281209999999999960e-01 8.475939587217535820e-01
8.381629999999999914e-01 8.517156990843910425e-01
8.484770000000000367e-01 8.297333898331955560e-01
8.590719999999999468e-01 8.454677731250904715e-01
8.699550000000000338e-01 8.317667567421197505e-01
8.811350000000000016e-01 8.488589938504613741e-01
8.926159999999999650e-01 8.551501540526400547e-01
9.044060000000000432e-01 8.495911228688942662e-01
9.165079999999999893e-01 8.758907521867930202e-01
9.289260000000000295e-01 8.740768873896845870e-01
9.416799999999999615e-01 8.756373587039530948e-01
9.547579999999999956e-01 8.890895018074322920e-01
9.681659999999999711e-01 8.919913290017816854e-01
9.819160000000000110e-01 8.808641531307086492e-01
9.959980000000000500e-01 8.477062233891793364e-01
1.010421999999999931e+00 8.610093359983499450e-01
1.025187000000000070e+00 8.699258601719098705e-01
1.040286000000000044e+00 8.787493318704338030e-01
1.055719999999999992e+00 8.902078976881183658e-01
1.071490000000000054e+00 8.887604930366219680e-01
1.087587999999999999e+00 9.013465655258173781e-01
1.104006999999999961e+00 8.990808928979688863e-01
1.120740000000000069e+00 9.026142616583048284e-01
1.137777999999999956e+00 8.956647590396534797e-01
1.155116000000000032e+00 9.124742017197421395e-01
1.172739999999999894e+00 8.905407741533787336e-01
1.190638000000000085e+00 9.140181078823295113e-01
1.208795999999999982e+00 9.131511944347868726e-01
1.227203999999999962e+00 9.182216654687662682e-01
1.245846000000000009e+00 9.066061774648410676e-01
1.264704999999999968e+00 9.187469199573238265e-01
1.283770000000000078e+00 9.217921438726708327e-01
1.303020000000000067e+00 9.202992823984408322e-01
1.322446000000000010e+00 9.196270096913401471e-01
1.342024000000000106e+00 8.865225342402776043e-01
1.361742999999999926e+00 8.841722320081470965e-01
1.381585000000000063e+00 8.917638030366590307e-01
1.401534999999999975e+00 8.848559559666915320e-01
1.421578999999999926e+00 8.795700265185336653e-01
1.441699999999999982e+00 8.834954470331858323e-01
1.461883999999999961e+00 8.921364414580097435e-01
1.482118000000000047e+00 8.966390701821087550e-01
1.502388999999999974e+00 9.022639643450458546e-01
1.522683000000000009e+00 9.087377422524909321e-01
1.542990000000000084e+00 9.141970277706921166e-01
1.563298000000000076e+00 9.200091609427843986e-01
1.583596000000000004e+00 9.244629853074028958e-01
1.603874999999999940e+00 9.273572459281159697e-01
1.624125999999999959e+00 9.296265634347457008e-01
1.644339999999999913e+00 9.307168838246787645e-01
1.664509999999999934e+00 9.313502351777728228e-01
1.684628000000000014e+00 9.322539464767145567e-01
1.704688999999999899e+00 9.300068715835948518e-01
1.724685000000000024e+00 9.234468762220109372e-01
1.744612999999999969e+00 9.153176592731275818e-01
1.764467000000000008e+00 9.081728416075053323e-01
1.784242000000000106e+00 8.998298440266743192e-01
1.803935999999999984e+00 8.942272108280848730e-01
1.823541999999999996e+00 8.958201974185312499e-01
1.843061999999999978e+00 8.917308658795335408e-01
1.862489000000000061e+00 8.828317203510016586e-01
1.881822000000000106e+00 8.934537082841624844e-01
1.901059999999999972e+00 9.015651353356360920e-01
1.920201000000000047e+00 9.034344757720901287e-01
1.939241999999999910e+00 8.987049281505110621e-01
1.958183000000000007e+00 8.938950007391165409e-01
1.977022999999999975e+00 8.988028012770735709e-01
1.995762000000000036e+00 8.985488420021807698e-01
2.014396000000000075e+00 9.013301598822275329e-01
2.032928000000000068e+00 9.077041988121579141e-01
2.051358000000000015e+00 9.149648847551306030e-01
2.069682999999999939e+00 9.211824639576878804e-01
2.087905999999999818e+00 9.253867202549050930e-01
2.106025999999999954e+00 9.303963514253142941e-01
2.124042000000000208e+00 9.331718399994400892e-01
2.141954999999999831e+00 9.361693976940356210e-01
2.159766999999999992e+00 9.372989199342303124e-01
2.177477999999999803e+00 9.381256712875783998e-01
2.195085999999999871e+00 9.378052526705937808e-01
2.212593000000000032e+00 9.380050639281332092e-01
2.230001000000000122e+00 9.367842369020796811e-01
2.247310000000000141e+00 9.356913150034523730e-01
2.264520999999999784e+00 9.351092488766334920e-01
2.281633999999999940e+00 9.345299697717160958e-01
2.298649999999999860e+00 9.229704504417597377e-01
2.315570000000000128e+00 9.239171031917692289e-01
2.332393999999999856e+00 9.236134549763335144e-01
2.349124000000000212e+00 9.217638044299233391e-01
2.365762000000000143e+00 9.189693555061432262e-01
2.382305999999999813e+00 9.209059470509639578e-01
2.398759999999999781e+00 9.203714804641338620e-01
2.415122000000000213e+00 9.161037329978368726e-01
2.431395000000000195e+00 9.106443757552875606e-01
2.447579999999999867e+00 9.053748048750366317e-01
2.463677000000000117e+00 9.036166740268714026e-01
2.479687000000000197e+00 8.934921219750112664e-01
2.495610999999999802e+00 8.942303197512763147e-01
2.511448999999999820e+00 8.843108523234167739e-01
2.527204999999999924e+00 8.801445780483116987e-01
2.542876999999999832e+00 8.792036747864727664e-01
2.558467999999999964e+00 8.799232773338785396e-01
2.573977999999999877e+00 8.812007580717547972e-01
2.589407000000000014e+00 8.835134626901501864e-01
2.604757000000000211e+00 8.892960120662647405e-01
2.620028000000000024e+00 8.903840940730574083e-01
2.635222999999999871e+00 8.925114555736439748e-01
2.650341000000000058e+00 8.985407816120908331e-01
2.665382999999999836e+00 8.950734082525514390e-01
2.680349999999999788e+00 8.816929108371525103e-01
2.695244000000000195e+00 8.774955014432468392e-01
2.710064000000000028e+00 8.763195231124012441e-01
2.724810999999999872e+00 8.791356038285728092e-01
2.739488999999999841e+00 8.799129413618542728e-01
2.754094999999999960e+00 8.859524489159598115e-01
2.768629999999999924e+00 8.834746946078063656e-01
2.783097999999999850e+00 8.794363637564788228e-01
2.797496999999999900e+00 8.862195189014239194e-01
2.811828999999999912e+00 8.811962588261399443e-01
2.826095000000000024e+00 8.924870290551767393e-01
2.840292999999999957e+00 8.818969551364540527e-01
2.854427999999999965e+00 8.864752869566987492e-01
2.868497000000000074e+00 8.882702223636128602e-01
2.882503999999999955e+00 8.873758342992336123e-01
2.896446000000000076e+00 8.909291786205982833e-01
2.910327000000000108e+00 8.889212008444196123e-01
2.924147000000000052e+00 8.911114689057020311e-01
2.937905000000000211e+00 8.923945252258246308e-01
2.951604000000000116e+00 8.932295157025136323e-01
2.965241999999999933e+00 8.933491429996477384e-01
2.978822000000000081e+00 8.980240025209275112e-01
2.992344000000000115e+00 8.986004522280192086e-01
3.005808000000000035e+00 9.011948878605292590e-01
3.019216000000000122e+00 9.024848110875138829e-01
3.032566000000000095e+00 9.047562745973910525e-01
3.045860999999999930e+00 9.048242126034815591e-01
3.059101000000000070e+00 9.084210724198306108e-01
3.072286000000000072e+00 9.096113197030937236e-01
3.085418000000000216e+00 9.107961584338080119e-01
3.098495000000000221e+00 9.153310213048314603e-01
3.111520000000000064e+00 9.133443382615096251e-01
3.124493000000000187e+00 9.185895733921641826e-01
3.137413000000000007e+00 9.181693887778804575e-01
3.150282999999999944e+00 9.200671649531447782e-01
3.163101999999999858e+00 9.214170912555824655e-01
3.175870000000000193e+00 9.213844776005923887e-01
3.188590000000000035e+00 9.267192786461154741e-01
3.201259999999999994e+00 9.217228670178537753e-01
3.213881000000000210e+00 9.281694630983143846e-01
3.226453999999999933e+00 9.289772952814999707e-01
3.238980000000000192e+00 9.283356505432347472e-01
3.251457999999999959e+00 9.331774846385531008e-01
3.263888999999999818e+00 9.330892208057895987e-01
3.276273999999999909e+00 9.326237273326396515e-01
3.288613999999999926e+00 9.346715111689450906e-01
3.300907000000000036e+00 9.345562170522216938e-01
3.313156000000000212e+00 9.352828572963812759e-01
3.325359999999999872e+00 9.386101356345613045e-01
3.337521000000000182e+00 9.374225585738102939e-01
3.349638000000000115e+00 9.361936018350982547e-01
3.361711000000000116e+00 9.384709682302520006e-01
3.373740999999999879e+00 9.398979230973655286e-01
3.385728999999999989e+00 9.385824973357815848e-01
3.397676000000000140e+00 9.400970140494729899e-01
3.409581000000000195e+00 9.395024223834567145e-01
3.421443000000000012e+00 9.402971155256678593e-01
3.433265000000000011e+00 9.415041589199490968e-01
3.445047000000000192e+00 9.417982310995312023e-01
3.456789000000000112e+00 9.423489794975503653e-01
3.468490000000000073e+00 9.437079920568159919e-01
3.480153000000000052e+00 9.436007080787073287e-01
3.491776999999999909e+00 9.410816032261992703e-01
3.503360999999999947e+00 9.454386013233256891e-01
3.514907000000000004e+00 9.459524692604843743e-01
3.526415000000000077e+00 9.452871358735219776e-01
3.537885000000000169e+00 9.462211246981422352e-01
3.549317999999999973e+00 9.466387540857245098e-01
3.560715000000000074e+00 9.470431369504896946e-01
3.572074000000000193e+00 9.474142027592707960e-01
3.583397000000000165e+00 9.484614345189784634e-01
3.594683999999999990e+00 9.499070641080247235e-01
3.605935000000000112e+00 9.499567103605404128e-01
3.617150000000000087e+00 9.498115570280963871e-01
3.628331000000000195e+00 9.502980377727953121e-01
3.639476999999999851e+00 9.511030137006575291e-01
3.650586999999999804e+00 9.518127662447858350e-01
3.661664000000000030e+00 9.521596560046199365e-01
3.672706999999999944e+00 9.520024213124281820e-01
3.683715999999999990e+00 9.521381030890527786e-01
3.694691000000000169e+00 9.530721991238775281e-01
3.705633000000000177e+00 9.543144478231779804e-01
3.716542000000000012e+00 9.553450549771853595e-01
3.727418999999999816e+00 9.552622815443175819e-01
3.738262999999999892e+00 9.530733882652665523e-01
3.749074999999999935e+00 9.552974980765308599e-01
3.759856000000000087e+00 9.560392978870005942e-01
3.770604000000000067e+00 9.559080638086753234e-01
3.781321000000000154e+00 9.571187815549495603e-01
3.792008000000000045e+00 9.574042613335422836e-01
3.802662999999999904e+00 9.573139909506376277e-01
3.813288000000000011e+00 9.570182400222828623e-01
3.823881999999999781e+00 9.566006164009335233e-01
3.834445999999999799e+00 9.569207269214786704e-01
3.844980000000000064e+00 9.580104329429517396e-01
3.855484999999999829e+00 9.586447521645419245e-01
3.865959999999999841e+00 9.588406580863133577e-01
3.876405999999999796e+00 9.586980027682748817e-01
3.886821999999999999e+00 9.584908611386391275e-01
3.897209999999999841e+00 9.585963307086913243e-01
3.907569000000000070e+00 9.589151487763561965e-01
3.917899999999999938e+00 9.592798322660457400e-01
3.928202999999999889e+00 9.591762031115740328e-01
3.938477999999999923e+00 9.587709616661680423e-01
3.948726000000000180e+00 9.588455511346910543e-01
3.958944999999999936e+00 9.585040763863073021e-01
3.969136000000000220e+00 9.577753786481495446e-01
3.979300999999999977e+00 9.576469864836671952e-01
3.989438999999999957e+00 9.570703715567530079e-01
3.999550000000000161e+00 9.558236364415340081e-01
4.009635000000000282e+00 9.552592721396739872e-01
4.019694000000000322e+00 9.548120079096305002e-01
4.029725000000000001e+00 9.543122798938317164e-01
4.039730999999999739e+00 9.528924155467232149e-01
4.049711000000000283e+00 9.509830918379825748e-01
4.059664999999999857e+00 9.520786532931775348e-01
4.069594999999999629e+00 9.514397145793541677e-01
4.079498000000000069e+00 9.480293837049151850e-01
4.089375999999999678e+00 9.481731483065416466e-01
4.099230000000000373e+00 9.492530112051188462e-01
4.109059000000000239e+00 9.484311795543853840e-01
4.118863000000000163e+00 9.471856755240922743e-01
4.128642000000000145e+00 9.453826914608930432e-01
4.138397999999999577e+00 9.462274909473525897e-01
4.148128999999999955e+00 9.476537787120373757e-01
4.157835999999999643e+00 9.444034681793399555e-01
4.167519999999999669e+00 9.425314371086838117e-01
4.177178999999999753e+00 9.436435946840783240e-01
4.186816000000000315e+00 9.444543134173105647e-01
4.196429000000000187e+00 9.450905578415290664e-01
4.206018000000000256e+00 9.428922965562364089e-01
4.215584999999999916e+00 9.408069738066477949e-01
4.225128999999999913e+00 9.427056560659455853e-01
4.234651000000000387e+00 9.425556523752596227e-01
4.244149000000000171e+00 9.386752875022659204e-01
4.253624000000000294e+00 9.376811622796442647e-01
4.263079000000000285e+00 9.389580100136620811e-01
4.272509999999999586e+00 9.393497462313591395e-01
4.281919000000000253e+00 9.394998878219817939e-01
4.291306999999999761e+00 9.387105202780603452e-01
4.300672999999999746e+00 9.376576100581425210e-01
4.310017000000000209e+00 9.355611327711889080e-01
4.319340000000000401e+00 9.335540238789626910e-01
4.328642000000000323e+00 9.318023840898588261e-01
4.337921999999999834e+00 9.304125616100149543e-01
4.347180999999999962e+00 9.295080780215959626e-01
4.356419999999999959e+00 9.282612504247402807e-01
4.365637000000000434e+00 9.267257299392240855e-01
4.374832999999999750e+00 9.247610772940716428e-01
4.384008999999999823e+00 9.225599805492415983e-01
4.393164999999999765e+00 9.206833909373561831e-01
4.402300000000000324e+00 9.188470675869464532e-01
4.411414999999999864e+00 9.189927201113288202e-01
4.420510000000000161e+00 9.194597657722388684e-01
4.429585000000000328e+00 9.169199797870549729e-01
4.438640999999999615e+00 9.140318801904624424e-01
4.447676000000000407e+00 9.133252465194248160e-01
4.456692000000000320e+00 9.126485825758965387e-01
4.465689000000000242e+00 9.113123773282169049e-01
4.474664999999999893e+00 9.099506494461911954e-01
4.483622999999999692e+00 9.098069824102317238e-01
4.492562000000000388e+00 9.096601769792054260e-01
4.501481000000000066e+00 9.094373465787148891e-01
4.510381999999999891e+00 9.092053557669363961e-01
4.519262999999999586e+00 9.083670449838822103e-01
4.528126000000000317e+00 9.074975066891027842e-01
4.536971000000000309e+00 9.081875192192840895e-01
4.545796000000000170e+00 9.089066397380072271e-01
4.554604000000000319e+00 9.072992495355686193e-01
4.563392999999999589e+00 9.054359940014176100e-01
4.572162999999999755e+00 9.069981256611808762e-01
4.580917000000000350e+00 9.090592500479628413e-01
4.589650999999999925e+00 9.103363124791995498e-01
4.598367999999999789e+00 9.114091379939492921e-01
4.607066999999999801e+00 9.115358998718832151e-01
4.615747999999999962e+00 9.112011822653555138e-01
4.624412000000000411e+00 9.114940976768810543e-01
4.633058000000000121e+00 9.122972013394733404e-01
4.641687000000000118e+00 9.140285186824376185e-01
4.650298000000000265e+00 9.169874332339784662e-01
4.658892999999999951e+00 9.189567735532847559e-01
4.667468999999999646e+00 9.183221526540130686e-01
4.676028999999999769e+00 9.178698064640922194e-01
4.684573000000000320e+00 9.194494386172803457e-01
4.693099000000000132e+00 9.209873165303320564e-01
4.701609000000000371e+00 9.198264319031735914e-01
4.710100999999999871e+00 9.183150178619273740e-01
4.718577999999999939e+00 9.180964488698730719e-01
4.727036000000000016e+00 9.184738314073405130e-01
4.735479999999999912e+00 9.181006321525255753e-01
4.743905999999999956e+00 9.168374568165219562e-01
4.752316999999999680e+00 9.157676304378111753e-01
4.760710999999999693e+00 9.154749926833642970e-01
4.769089000000000134e+00 9.151715034877505595e-01
4.777451000000000114e+00 9.148591265153340757e-01
4.785797999999999774e+00 9.145439428067060339e-01
4.794127999999999723e+00 9.157704067786689439e-01
4.802443000000000239e+00 9.177643486744517798e-01
4.810742000000000296e+00 9.191776609533475195e-01
4.819026000000000032e+00 9.195852079984627725e-01
4.827293000000000056e+00 9.199438310663091700e-01
4.835545999999999900e+00 9.189863586870814505e-01
4.843783000000000172e+00 9.180144739776788798e-01
4.852005000000000123e+00 9.185305953438197557e-01
4.860210999999999615e+00 9.197102602904715374e-01
4.868402999999999814e+00 9.202234860948470541e-01
4.876579000000000441e+00 9.193771783301034617e-01
4.884741000000000000e+00 9.185137748707856709e-01
4.892886999999999986e+00 9.181806186996919195e-01
4.901018999999999792e+00 9.178705063926112517e-01
4.909135000000000026e+00 9.167451507715943526e-01
4.917238000000000220e+00 9.149369884591034285e-01
4.925323999999999813e+00 9.135262128099418399e-01
4.933398000000000394e+00 9.149851782959750324e-01
4.941455999999999626e+00 9.164605871126012548e-01
4.949500999999999706e+00 9.158296447815377217e-01
4.957529000000000075e+00 9.141708393289509349e-01
4.965544999999999654e+00 9.140322632517836610e-01
4.973545999999999800e+00 9.192308444720683758e-01
4.981532999999999767e+00 9.241181653877909019e-01
4.989506000000000441e+00 9.229861958427496571e-01
4.997465000000000046e+00 9.196103615532823516e-01
5.005409000000000219e+00 9.164673893491759316e-01
5.013340000000000352e+00 9.146861407379437425e-01
5.021258000000000443e+00 9.128479563750310222e-01
5.029161000000000215e+00 9.142893030654614117e-01
5.037050999999999945e+00 9.170094851111941781e-01
5.044926000000000244e+00 9.193467648065043463e-01
5.052788999999999753e+00 9.201812237941109363e-01
5.060637999999999970e+00 9.210296236317215834e-01
5.068473000000000006e+00 9.202329686079331328e-01
5.076296000000000141e+00 9.182536875604031534e-01
5.084103999999999957e+00 9.162280259118719128e-01
5.091899999999999871e+00 9.184954750247869004e-01
5.099681999999999604e+00 9.207264094729299408e-01
5.107451000000000185e+00 9.217569220329876467e-01
5.115206999999999837e+00 9.209344608976928193e-01
5.122949000000000197e+00 9.200931586487363090e-01
5.130679999999999907e+00 9.207428814211993107e-01
5.138397000000000325e+00 9.218673719684835621e-01
5.146100999999999814e+00 9.227632948890875930e-01
5.153793000000000291e+00 9.216685252818809237e-01
5.161470999999999698e+00 9.205296778569971305e-01
5.169137000000000093e+00 9.212894336981960475e-01
5.176789999999999559e+00 9.246348578610640301e-01
5.184431000000000012e+00 9.278452554547186315e-01
5.192059999999999675e+00 9.269014941321872536e-01
5.199675000000000047e+00 9.242454160568704946e-01
5.207278999999999769e+00 9.214585244293127531e-01
5.214869000000000199e+00 9.238228795685555772e-01
5.222447999999999979e+00 9.261673153680477499e-01
5.230014999999999858e+00 9.276981340382982610e-01
5.237567999999999557e+00 9.268570800249438246e-01
5.245110999999999635e+00 9.259884871614499913e-01
5.252640999999999671e+00 9.255498175149052820e-01
5.260157999999999667e+00 9.256138625845439227e-01
5.267663999999999902e+00 9.256775351879951153e-01
5.275158000000000236e+00 9.258222409532457231e-01
5.282639999999999780e+00 9.260074074299303737e-01
5.290110999999999564e+00 9.261948911456213684e-01
5.297569000000000194e+00 9.268052964457174081e-01
