6.988050000000000095e-01 9.967034456414076704e-01
7.054350000000000342e-01 1.021515404863818199e+00
7.122249999999999970e-01 1.010987569066484015e+00
7.191800000000000415e-01 1.016810506376704559e+00
7.263169999999999904e-01 1.023147350765461150e+00
7.336439999999999628e-01 1.029424126481690349e+00
7.411480000000000290e-01 1.030312491457997082e+00
7.488550000000000484e-01 1.029409053834525967e+00
7.567639999999999922e-01 1.029579497111253072e+00
7.648749999999999716e-01 1.016137500514841641e+00
7.732109999999999816e-01 1.018299414483054388e+00
7.817619999999999569e-01 1.028734235755916160e+00
7.905440000000000245e-01 1.025612334931056857e+00
7.995679999999999454e-01 1.027790504433651719e+00
8.088269999999999627e-01 1.031030291219463546e+00
8.183420000000000138e-01 1.029570635724659899e+00
8.281209999999999960e-01 1.029962896781943194e+00
8.381629999999999914e-01 1.029022647725807094e+00
8.484770000000000367e-01 1.022544702291274366e+00
8.590719999999999468e-01 1.026068955358584001e+00
8.699550000000000338e-01 1.029616729558601174e+00
8.811350000000000016e-01 1.030711530622009375e+00
8.926159999999999650e-01 1.030270466165138510e+00
9.044060000000000432e-01 1.027666579047480599e+00
9.165079999999999893e-01 1.029507850181466067e+00
9.289260000000000295e-01 1.029319909404184719e+00
9.416799999999999615e-01 1.028476078798154170e+00
9.547579999999999956e-01 1.028921017669586879e+00
9.681659999999999711e-01 1.028012894664275256e+00
9.819160000000000110e-01 1.027494580325564844e+00
9.959980000000000500e-01 1.028567719814140524e+00
1.010421999999999931e+00 1.029141492137876757e+00
1.025187000000000070e+00 1.029312292371137305e+00
1.040286000000000044e+00 1.029174847494749301e+00
1.055719999999999992e+00 1.028734978238976527e+00
1.071490000000000054e+00 1.028139645810658642e+00
1.087587999999999999e+00 1.026858997271040463e+00
1.104006999999999961e+00 1.026763542139400132e+00
1.120740000000000069e+00 1.026282215832047484e+00
1.137777999999999956e+00 1.025385835268162404e+00
1.155116000000000032e+00 1.025886014488096132e+00
1.172739999999999894e+00 1.026324172120353095e+00
1.190638000000000085e+00 1.025212826877931249e+00
1.208795999999999982e+00 1.025556542406648397e+00
1.227203999999999962e+00 1.025032900014092307e+00
1.245846000000000009e+00 1.025219921276892876e+00
1.264704999999999968e+00 1.024254785237996623e+00
1.283770000000000078e+00 1.024154301788390509e+00
1.303020000000000067e+00 1.024046594625303452e+00
1.322446000000000010e+00 1.024017420775275911e+00
1.342024000000000106e+00 1.027514203219592748e+00
1.361742999999999926e+00 1.027727197002591408e+00
1.381585000000000063e+00 1.026891208349970386e+00
1.401534999999999975e+00 1.027099998907904377e+00
1.421578999999999926e+00 1.027085721570714316e+00
1.441699999999999982e+00 1.026579037371694092e+00
1.461883999999999961e+00 1.025283809619605302e+00
1.482118000000000047e+00 1.024365722052227090e+00
1.502388999999999974e+00 1.023769133513133145e+00
1.522683000000000009e+00 1.022790748853747100e+00
1.542990000000000084e+00 1.021876492817133331e+00
1.563298000000000076e+00 1.021262305102689005e+00
1.583596000000000004e+00 1.020857436678377805e+00
1.603874999999999940e+00 1.020607076894985754e+00
1.624125999999999959e+00 1.020545681570338203e+00
1.644339999999999913e+00 1.020656280267335791e+00
1.664509999999999934e+00 1.020807159861267799e+00
1.684628000000000014e+00 1.020798122263190555e+00
1.704688999999999899e+00 1.020905954111022362e+00
1.724685000000000024e+00 1.021535514907818909e+00
1.744612999999999969e+00 1.022763482776700261e+00
1.764467000000000008e+00 1.023575480909382218e+00
1.784242000000000106e+00 1.024718617043069990e+00
1.803935999999999984e+00 1.025143823426844181e+00
1.823541999999999996e+00 1.024965345316918075e+00
1.843061999999999978e+00 1.025137704732047572e+00
1.862489000000000061e+00 1.025915181380616659e+00
1.881822000000000106e+00 1.024333848175206452e+00
1.901059999999999972e+00 1.023547686823406577e+00
1.920201000000000047e+00 1.023545054426204581e+00
1.939241999999999910e+00 1.024739243220359253e+00
1.958183000000000007e+00 1.025596108181717092e+00
1.977022999999999975e+00 1.024409171678933417e+00
1.995762000000000036e+00 1.023700684815157302e+00
2.014396000000000075e+00 1.022727172229861869e+00
2.032928000000000068e+00 1.021799025601978439e+00
2.051358000000000015e+00 1.020606637620105950e+00
2.069682999999999939e+00 1.019739067865934379e+00
2.087905999999999818e+00 1.019186852313833436e+00
2.106025999999999954e+00 1.018825928372702805e+00
2.124042000000000208e+00 1.018653393717637634e+00
2.141954999999999831e+00 1.018605346179661142e+00
2.159766999999999992e+00 1.018832263444203967e+00
2.177477999999999803e+00 1.019042597444713483e+00
2.195085999999999871e+00 1.019441415117721350e+00
2.212593000000000032e+00 1.019461687329747068e+00
2.230001000000000122e+00 1.020159101908166832e+00
2.247310000000000141e+00 1.020524211715819973e+00
2.264520999999999784e+00 1.020728114283866450e+00
2.281633999999999940e+00 1.020942973069641324e+00
2.298649999999999860e+00 1.022519656892994622e+00
2.315570000000000128e+00 1.022844151516503208e+00
2.332393999999999856e+00 1.021833774163883213e+00
2.349124000000000212e+00 1.022106914505935160e+00
2.365762000000000143e+00 1.022433916533620257e+00
2.382305999999999813e+00 1.022349186028818302e+00
2.398759999999999781e+00 1.022196737474908801e+00
2.415122000000000213e+00 1.021822554698659458e+00
2.431395000000000195e+00 1.022164689855807884e+00
2.447579999999999867e+00 1.023202531220954725e+00
2.463677000000000117e+00 1.022879868529162017e+00
2.479687000000000197e+00 1.023914372926923333e+00
2.495610999999999802e+00 1.023759638082430534e+00
2.511448999999999820e+00 1.024931998001537448e+00
2.527204999999999924e+00 1.025396706555342430e+00
2.542876999999999832e+00 1.025812987955087241e+00
2.558467999999999964e+00 1.025116908034709118e+00
2.573977999999999877e+00 1.024967355772916644e+00
2.589407000000000014e+00 1.025192661313947484e+00
2.604757000000000211e+00 1.024336200371249950e+00
2.620028000000000024e+00 1.023583100447537753e+00
2.635222999999999871e+00 1.023561342832235432e+00
2.650341000000000058e+00 1.023292743962040063e+00
2.665382999999999836e+00 1.024283815191815883e+00
2.680349999999999788e+00 1.026290311949017209e+00
2.695244000000000195e+00 1.025851063594598767e+00
2.710064000000000028e+00 1.025749964273289905e+00
2.724810999999999872e+00 1.024560455021976901e+00
2.739488999999999841e+00 1.024439474794638816e+00
2.754094999999999960e+00 1.023649214745701919e+00
2.768629999999999924e+00 1.024026087521811235e+00
2.783097999999999850e+00 1.024608460833735801e+00
2.797496999999999900e+00 1.023543021504639272e+00
2.811828999999999912e+00 1.023730469830821610e+00
2.826095000000000024e+00 1.022591771847092934e+00
2.840292999999999957e+00 1.023689275746282101e+00
2.854427999999999965e+00 1.023208712037679158e+00
2.868497000000000074e+00 1.023110538812818548e+00
2.882503999999999955e+00 1.023018204827059519e+00
2.896446000000000076e+00 1.023074436116378383e+00
2.910327000000000108e+00 1.022186517032677600e+00
2.924147000000000052e+00 1.021964341067612692e+00
2.937905000000000211e+00 1.021722357972302930e+00
2.951604000000000116e+00 1.021750890312992821e+00
2.965241999999999933e+00 1.021493745887866123e+00
2.978822000000000081e+00 1.021245107192094492e+00
2.992344000000000115e+00 1.020806308006555474e+00
3.005808000000000035e+00 1.020515875117071980e+00
3.019216000000000122e+00 1.020185824919789930e+00
3.032566000000000095e+00 1.019980973586162687e+00
3.045860999999999930e+00 1.020008527539222110e+00
3.059101000000000070e+00 1.019658157622292505e+00
3.072286000000000072e+00 1.019267856458253130e+00
3.085418000000000216e+00 1.019167331861098313e+00
3.098495000000000221e+00 1.018544747642298187e+00
3.111520000000000064e+00 1.018846298628288238e+00
3.124493000000000187e+00 1.018054902292043762e+00
3.137413000000000007e+00 1.018307444535272444e+00
3.150282999999999944e+00 1.018051788442936756e+00
3.163101999999999858e+00 1.017855367492132235e+00
3.175870000000000193e+00 1.017833224746801379e+00
3.188590000000000035e+00 1.017319384937161342e+00
3.201259999999999994e+00 1.017977100881986230e+00
3.213881000000000210e+00 1.017274332615655252e+00
3.226453999999999933e+00 1.016863460963978172e+00
3.238980000000000192e+00 1.017024892366566791e+00
3.251457999999999959e+00 1.016063545961617853e+00
3.263888999999999818e+00 1.016203719751533674e+00
3.276273999999999909e+00 1.016542411178252614e+00
3.288613999999999926e+00 1.016044109592328271e+00
3.300907000000000036e+00 1.016635778227772402e+00
3.313156000000000212e+00 1.017323070378828076e+00
3.325359999999999872e+00 1.017617712598918978e+00
3.337521000000000182e+00 1.017694930893122685e+00
3.349638000000000115e+00 1.017421705675235488e+00
3.361711000000000116e+00 1.016719328457495575e+00
3.373740999999999879e+00 1.016160009558991772e+00
3.385728999999999989e+00 1.016282381194814510e+00
3.397676000000000140e+00 1.015908839895309779e+00
3.409581000000000195e+00 1.016292624942014777e+00
3.421443000000000012e+00 1.016047665634973951e+00
3.433265000000000011e+00 1.015895240301160074e+00
3.445047000000000192e+00 1.015914097583979547e+00
3.456789000000000112e+00 1.015829654989098385e+00
3.468490000000000073e+00 1.015598420697629400e+00
3.480153000000000052e+00 1.015679101584532784e+00
3.491776999999999909e+00 1.015954880813356276e+00
3.503360999999999947e+00 1.015210518552257968e+00
3.514907000000000004e+00 1.015011092988468810e+00
3.526415000000000077e+00 1.015044049141484717e+00
3.537885000000000169e+00 1.014926343389502827e+00
3.549317999999999973e+00 1.014816209894082055e+00
3.560715000000000074e+00 1.014804231496608811e+00
3.572074000000000193e+00 1.014730311966768772e+00
3.583397000000000165e+00 1.014483043840788801e+00
3.594683999999999990e+00 1.014165963935081960e+00
3.605935000000000112e+00 1.014210851953126324e+00
3.617150000000000087e+00 1.014189773263520999e+00
3.628331000000000195e+00 1.014027412367161540e+00
3.639476999999999851e+00 1.013834713652563169e+00
3.650586999999999804e+00 1.013731655270563525e+00
3.661664000000000030e+00 1.013724317018506182e+00
3.672706999999999944e+00 1.013724215293138275e+00
3.683715999999999990e+00 1.013652596718009447e+00
3.694691000000000169e+00 1.013470053947718386e+00
3.705633000000000177e+00 1.013406606930083775e+00
3.716542000000000012e+00 1.013214646160706334e+00
3.727418999999999816e+00 1.013153504768155022e+00
3.738262999999999892e+00 1.013474210890084937e+00
3.749074999999999935e+00 1.013252642192946862e+00
3.759856000000000087e+00 1.013120401256235148e+00
3.770604000000000067e+00 1.013075244056331092e+00
3.781321000000000154e+00 1.013084385214700678e+00
3.792008000000000045e+00 1.013010267796390584e+00
3.802662999999999904e+00 1.013008923346354395e+00
3.813288000000000011e+00 1.013184438378052166e+00
3.823881999999999781e+00 1.013147577888489748e+00
3.834445999999999799e+00 1.013023819605546771e+00
3.844980000000000064e+00 1.012838255526469222e+00
3.855484999999999829e+00 1.012877413370220081e+00
3.865959999999999841e+00 1.012884300922211933e+00
3.876405999999999796e+00 1.012873606036642782e+00
3.886821999999999999e+00 1.012932047972543215e+00
3.897209999999999841e+00 1.012945277138540323e+00
3.907569000000000070e+00 1.012921276472644294e+00
3.917899999999999938e+00 1.012835568666007990e+00
3.928202999999999889e+00 1.012846962570070009e+00
3.938477999999999923e+00 1.012920707947351673e+00
3.948726000000000180e+00 1.012893491734089046e+00
3.958944999999999936e+00 1.012959162153334036e+00
3.969136000000000220e+00 1.013111507480686013e+00
3.979300999999999977e+00 1.013113323378356023e+00
3.989438999999999957e+00 1.013228106340901213e+00
3.999550000000000161e+00 1.013513469710707771e+00
4.009635000000000282e+00 1.013584103305485096e+00
4.019694000000000322e+00 1.013650100941304144e+00
4.029725000000000001e+00 1.013834892120931030e+00
4.039730999999999739e+00 1.013985008393838871e+00
4.049711000000000283e+00 1.014122882129127712e+00
4.059664999999999857e+00 1.014364265009781718e+00
4.069594999999999629e+00 1.014623569515543444e+00
4.079498000000000069e+00 1.014927691089586137e+00
4.089375999999999678e+00 1.014986610043756565e+00
4.099230000000000373e+00 1.014966954031179425e+00
4.109059000000000239e+00 1.014980824499581935e+00
4.118863000000000163e+00 1.015179820289870305e+00
4.128642000000000145e+00 1.015628266855129302e+00
4.138397999999999577e+00 1.015514069653088436e+00
4.148128999999999955e+00 1.015258526856502419e+00
4.157835999999999643e+00 1.015703847652107195e+00
4.167519999999999669e+00 1.016021295661313939e+00
4.177178999999999753e+00 1.016037347102104249e+00
4.186816000000000315e+00 1.016036537665082617e+00
4.196429000000000187e+00 1.016025559074087425e+00
4.206018000000000256e+00 1.016438526442940526e+00
4.215584999999999916e+00 1.016857195438618300e+00
4.225128999999999913e+00 1.016781149328088496e+00
4.234651000000000387e+00 1.016968265822483231e+00
4.244149000000000171e+00 1.017659513742326327e+00
4.253624000000000294e+00 1.017650632452160808e+00
4.263079000000000285e+00 1.017103016609044452e+00
4.272509999999999586e+00 1.017191836818006401e+00
4.281919000000000253e+00 1.017453013968462106e+00
4.291306999999999761e+00 1.017673847831093159e+00
4.300672999999999746e+00 1.017950549062330623e+00
4.310017000000000209e+00 1.018465152046212463e+00
4.319340000000000401e+00 1.018922802514963921e+00
4.328642000000000323e+00 1.019230049056921938e+00
4.337921999999999834e+00 1.019380494284788607e+00
4.347180999999999962e+00 1.019322586685295740e+00
4.356419999999999959e+00 1.019293492721198957e+00
4.365637000000000434e+00 1.019286783153608544e+00
4.374832999999999750e+00 1.019491014201445944e+00
4.384008999999999823e+00 1.019801321216363021e+00
4.393164999999999765e+00 1.020139609292522120e+00
4.402300000000000324e+00 1.020496805081676284e+00
4.411414999999999864e+00 1.020756004891670177e+00
4.420510000000000161e+00 1.021003607533028656e+00
4.429585000000000328e+00 1.021379536007422928e+00
4.438640999999999615e+00 1.021785054829194461e+00
4.447676000000000407e+00 1.021934172716683964e+00
4.456692000000000320e+00 1.022082275477148361e+00
4.465689000000000242e+00 1.022438429756603151e+00
4.474664999999999893e+00 1.022800491643679477e+00
4.483622999999999692e+00 1.022763604038478213e+00
4.492562000000000388e+00 1.022739799056268550e+00
4.501481000000000066e+00 1.023152122531225228e+00
4.510381999999999891e+00 1.023557413535141736e+00
4.519262999999999586e+00 1.023195774454471296e+00
4.528126000000000317e+00 1.022820228867749925e+00
4.536971000000000309e+00 1.023104166364996015e+00
4.545796000000000170e+00 1.023400166412722800e+00
4.554604000000000319e+00 1.023553499377457099e+00
4.563392999999999589e+00 1.023702939596397465e+00
4.572162999999999755e+00 1.023692790730215352e+00
4.580917000000000350e+00 1.023657518301751335e+00
4.589650999999999925e+00 1.023097174410298793e+00
4.598367999999999789e+00 1.022382003029392195e+00
4.607066999999999801e+00 1.022166718788845019e+00
4.615747999999999962e+00 1.022193648512464081e+00
4.624412000000000411e+00 1.022245814454110002e+00
4.633058000000000121e+00 1.022318460239970417e+00
4.641687000000000118e+00 1.022060702449199443e+00
4.650298000000000265e+00 1.021359711239383739e+00
4.658892999999999951e+00 1.020877420913602229e+00
4.667468999999999646e+00 1.020953630283534252e+00
4.676028999999999769e+00 1.021015363661629927e+00
4.684573000000000320e+00 1.020905747279422071e+00
4.693099000000000132e+00 1.020799412109930859e+00
4.701609000000000371e+00 1.020916984986379727e+00
4.710100999999999871e+00 1.021064872266119306e+00
4.718577999999999939e+00 1.021187286994890364e+00
4.727036000000000016e+00 1.021295681611219086e+00
4.735479999999999912e+00 1.021507811223081985e+00
4.743905999999999956e+00 1.021847006464649432e+00
4.752316999999999680e+00 1.022088239980122548e+00
4.760710999999999693e+00 1.021943717869929991e+00
4.769089000000000134e+00 1.021793782243939797e+00
4.777451000000000114e+00 1.021964830303158545e+00
4.785797999999999774e+00 1.022155000596025376e+00
4.794127999999999723e+00 1.022013372135149645e+00
4.802443000000000239e+00 1.021706765077992962e+00
4.810742000000000296e+00 1.021454141985202568e+00
4.819026000000000032e+00 1.021291157816693662e+00
4.827293000000000056e+00 1.021138818248832569e+00
4.835545999999999900e+00 1.021281600150488522e+00
4.843783000000000172e+00 1.021426876840033193e+00
4.852005000000000123e+00 1.021235271971228320e+00
4.860210999999999615e+00 1.020894032552772668e+00
4.868402999999999814e+00 1.020778277500925757e+00
4.876579000000000441e+00 1.021121057615664185e+00
4.884741000000000000e+00 1.021471650919229646e+00
4.892886999999999986e+00 1.021138993339195000e+00
4.901018999999999792e+00 1.020766571801511091e+00
4.909135000000000026e+00 1.020799626148795047e+00
4.917238000000000220e+00 1.021172652598111075e+00
4.925323999999999813e+00 1.021412615898312115e+00
4.933398000000000394e+00 1.020699227679389143e+00
4.941455999999999626e+00 1.019981116935964716e+00
4.949500999999999706e+00 1.020003691239597998e+00
4.957529000000000075e+00 1.020381899650126378e+00
4.965544999999999654e+00 1.020549654172267839e+00
4.973545999999999800e+00 1.019953504926291776e+00
4.981532999999999767e+00 1.019399791006833311e+00
4.989506000000000441e+00 1.019217072560638648e+00
4.997465000000000046e+00 1.019153424302177147e+00
5.005409000000000219e+00 1.019157621150371229e+00
5.013340000000000352e+00 1.019403174406009693e+00
5.021258000000000443e+00 1.019657706085364213e+00
5.029161000000000215e+00 1.019329083785374346e+00
5.037050999999999945e+00 1.018779054097743719e+00
5.044926000000000244e+00 1.018273188238677740e+00
5.052788999999999753e+00 1.017877928826058431e+00
5.060637999999999970e+00 1.017477113891683826e+00
5.068473000000000006e+00 1.017567147493589896e+00
5.076296000000000141e+00 1.018009438702141001e+00
5.084103999999999957e+00 1.018465191919492030e+00
5.091899999999999871e+00 1.018487904958970569e+00
5.099681999999999604e+00 1.018510144030712050e+00
5.107451000000000185e+00 1.018408772845195154e+00
5.115206999999999837e+00 1.018108960701479271e+00
5.122949000000000197e+00 1.017801908920937803e+00
5.130679999999999907e+00 1.017943956897195301e+00
5.138397000000000325e+00 1.018229530988739473e+00
5.146100999999999814e+00 1.018500669035294903e+00
5.153793000000000291e+00 1.018682652241878595e+00
5.161470999999999698e+00 1.018872491120417667e+00
5.169137000000000093e+00 1.018774553095654234e+00
5.176789999999999559e+00 1.018285720956832563e+00
5.184431000000000012e+00 1.017820369613795739e+00
5.192059999999999675e+00 1.017931080492065821e+00
5.199675000000000047e+00 1.018279153280351235e+00
5.207278999999999769e+00 1.018646784470351285e+00
5.214869000000000199e+00 1.018201008597423129e+00
5.222447999999999979e+00 1.017762856611644562e+00
5.230014999999999858e+00 1.017429258818370430e+00
5.237567999999999557e+00 1.017381149677384800e+00
5.245110999999999635e+00 1.017331378342953840e+00
5.252640999999999671e+00 1.017321183755972358e+00
5.260157999999999667e+00 1.017356373393155655e+00
5.267663999999999902e+00 1.017391355964253563e+00
5.275158000000000236e+00 1.017378130326087149e+00
5.282639999999999780e+00 1.017341738503240389e+00
5.290110999999999564e+00 1.017304908736384572e+00
5.297569000000000194e+00 1.017168559399786121e+00
