6.988050000000000095e-01 7.055019212181703470e-01
7.054350000000000342e-01 7.999364549787087997e-01
7.122249999999999970e-01 7.720432302929471913e-01
7.191800000000000415e-01 7.931703372534111285e-01
7.263169999999999904e-01 8.213500780463603990e-01
7.336439999999999628e-01 8.447076324305402562e-01
7.411480000000000290e-01 8.369680937871036841e-01
7.488550000000000484e-01 8.208292662323365407e-01
7.567639999999999922e-01 8.113658179895610889e-01
7.648749999999999716e-01 7.143176539931289648e-01
7.732109999999999816e-01 7.328871233230367377e-01
7.817619999999999569e-01 8.263812451244513246e-01
7.905440000000000245e-01 8.321250902497467905e-01
7.995679999999999454e-01 8.442345755659093065e-01
8.088269999999999627e-01 8.688188306184747578e-01
8.183420000000000138e-01 8.759169208049497612e-01
8.281209999999999960e-01 8.804794547277768890e-01
8.381629999999999914e-01 8.838590848021312674e-01
8.484770000000000367e-01 8.585038878228478110e-01
8.590719999999999468e-01 8.759009577847861605e-01
8.699550000000000338e-01 8.648970321529679817e-01
8.811350000000000016e-01 8.821928640092980833e-01
8.926159999999999650e-01 8.880046523077878007e-01
9.044060000000000432e-01 8.809186499054654229e-01
9.165079999999999893e-01 9.075421060653492411e-01
9.289260000000000295e-01 9.056629355424168359e-01
9.416799999999999615e-01 9.065861605217976349e-01
9.547579999999999956e-01 9.198449703764214336e-01
9.681659999999999711e-01 9.219869822593184105e-01
9.819160000000000110e-01 9.109338093686272231e-01
9.959980000000000500e-01 8.796827204751497264e-01
1.010421999999999931e+00 8.929248912738380062e-01
1.025187000000000070e+00 9.016520844412762026e-01
1.040286000000000044e+00 9.100679323295109979e-01
1.055719999999999992e+00 9.207882392099557833e-01
1.071490000000000054e+00 9.189744739085431435e-01
1.087587999999999999e+00 9.301210917063297279e-01
1.104006999999999961e+00 9.278836175447784385e-01
1.120740000000000069e+00 9.309127299691218882e-01
1.137777999999999956e+00 9.236213263672270468e-01
1.155116000000000032e+00 9.400338097122682424e-01
1.172739999999999894e+00 9.193917450726354357e-01
1.190638000000000085e+00 9.410025909179953185e-01
1.208795999999999982e+00 9.404334713482710439e-01
1.227203999999999962e+00 9.448689280439646065e-01
1.245846000000000009e+00 9.339444803869645373e-01
1.264704999999999968e+00 9.447810579031284961e-01
1.283770000000000078e+00 9.475975295140346422e-01
1.303020000000000067e+00 9.460981793961069641e-01
1.322446000000000010e+00 9.454376549979689459e-01
1.342024000000000106e+00 9.163825842048342052e-01
1.361742999999999926e+00 9.142752696636597953e-01
1.381585000000000063e+00 9.209678499218537651e-01
1.401534999999999975e+00 9.144908346763402918e-01
1.421578999999999926e+00 9.094055875753743745e-01
1.441699999999999982e+00 9.128193531226506119e-01
1.461883999999999961e+00 9.201760275348839224e-01
1.482118000000000047e+00 9.238158827280928964e-01
1.502388999999999974e+00 9.287428848492661482e-01
1.522683000000000009e+00 9.341786274522421163e-01
1.542990000000000084e+00 9.386755269781578148e-01
1.563298000000000076e+00 9.437132379575490226e-01
1.583596000000000004e+00 9.476128581208570489e-01
1.603874999999999940e+00 9.501520940909615742e-01
1.624125999999999959e+00 9.522448029167447370e-01
1.644339999999999913e+00 9.533583266868882466e-01
1.664509999999999934e+00 9.540724149605219750e-01
1.684628000000000014e+00 9.549174648549773048e-01
1.704688999999999899e+00 9.528819741188272463e-01
1.724685000000000024e+00 9.471709823711814691e-01
1.744612999999999969e+00 9.404027833389662083e-01
1.764467000000000008e+00 9.342225581461437445e-01
1.784242000000000106e+00 9.271150275486170766e-01
1.803935999999999984e+00 9.220737652887952551e-01
1.823541999999999996e+00 9.234668777474155377e-01
1.843061999999999978e+00 9.196839354232462238e-01
1.862489000000000061e+00 9.117173417378798828e-01
1.881822000000000106e+00 9.207538767816424441e-01
1.901059999999999972e+00 9.279159651127947273e-01
1.920201000000000047e+00 9.296930799819869140e-01
1.939241999999999910e+00 9.260568577521267608e-01
1.958183000000000007e+00 9.220809267624393568e-01
1.977022999999999975e+00 9.259108880501615291e-01
1.995762000000000036e+00 9.251551300583640280e-01
2.014396000000000075e+00 9.270938849330130349e-01
2.032928000000000068e+00 9.324641296461603224e-01
2.051358000000000015e+00 9.384500469524671429e-01
2.069682999999999939e+00 9.436648057651908506e-01
2.087905999999999818e+00 9.472043993270062856e-01
2.106025999999999954e+00 9.516390128066786191e-01
2.124042000000000208e+00 9.541131224816856715e-01
2.141954999999999831e+00 9.568904502153660063e-01
2.159766999999999992e+00 9.581288537572592023e-01
2.177477999999999803e+00 9.590704469406470256e-01
2.195085999999999871e+00 9.590828892994619492e-01
2.212593000000000032e+00 9.592865997563779779e-01
2.230001000000000122e+00 9.586859444379856043e-01
2.247310000000000141e+00 9.579429329444661967e-01
2.264520999999999784e+00 9.575540127310862015e-01
2.281633999999999940e+00 9.571758381643774571e-01
2.298649999999999860e+00 9.474707931608553624e-01
2.315570000000000128e+00 9.486148666716487377e-01
2.332393999999999856e+00 9.475561280459690039e-01
2.349124000000000212e+00 9.460142790295151816e-01
2.365762000000000143e+00 9.436161020519535647e-01
2.382305999999999813e+00 9.453862060473350315e-01
2.398759999999999781e+00 9.447644689651669703e-01
2.415122000000000213e+00 9.404409276149714447e-01
2.431395000000000195e+00 9.355233446693068666e-01
2.447579999999999867e+00 9.312872258326531094e-01
2.463677000000000117e+00 9.293790509180915871e-01
2.479687000000000197e+00 9.204896240050992606e-01
2.495610999999999802e+00 9.210823976039638206e-01
2.511448999999999820e+00 9.124430881191211151e-01
2.527204999999999924e+00 9.087801851745449522e-01
2.542876999999999832e+00 9.081684108298940794e-01
2.558467999999999964e+00 9.083731707910280839e-01
2.573977999999999877e+00 9.094918270558099982e-01
2.589407000000000014e+00 9.118632970899485102e-01
2.604757000000000211e+00 9.167864870062517602e-01
2.620028000000000024e+00 9.172886738174312882e-01
2.635222999999999871e+00 9.193015432266139486e-01
2.650341000000000058e+00 9.248516751468747188e-01
2.665382999999999836e+00 9.222633452641376683e-01
2.680349999999999788e+00 9.108882438666632275e-01
2.695244000000000195e+00 9.065569003394294834e-01
2.710064000000000028e+00 9.053590531001325381e-01
2.724810999999999872e+00 9.072315959476234815e-01
2.739488999999999841e+00 9.078910392799929285e-01
2.754094999999999960e+00 9.131074643966956561e-01
2.768629999999999924e+00 9.110068085156334261e-01
2.783097999999999850e+00 9.075528199839615340e-01
2.797496999999999900e+00 9.132873215401996481e-01
2.811828999999999912e+00 9.086228087257047781e-01
2.826095000000000024e+00 9.185838948038465013e-01
2.840292999999999957e+00 9.092633339954252492e-01
2.854427999999999965e+00 9.132949779084151842e-01
2.868497000000000074e+00 9.149369367175972378e-01
2.882503999999999955e+00 9.140188160318604149e-01
2.896446000000000076e+00 9.174454131514019339e-01
2.910327000000000108e+00 9.149005172586521795e-01
2.924147000000000052e+00 9.168261931061253422e-01
2.937905000000000211e+00 9.178731006597797837e-01
2.951604000000000116e+00 9.186872553812890363e-01
2.965241999999999933e+00 9.186163695491104120e-01
2.978822000000000081e+00 9.228759469337944887e-01
2.992344000000000115e+00 9.231044608200166257e-01
3.005808000000000035e+00 9.253520614141301781e-01
3.019216000000000122e+00 9.263324216538045830e-01
3.032566000000000095e+00 9.283316907438649013e-01
3.045860999999999930e+00 9.284162227284151747e-01
3.059101000000000070e+00 9.315582863510780687e-01
3.072286000000000072e+00 9.323929423958868812e-01
3.085418000000000216e+00 9.334366101391298187e-01
3.098495000000000221e+00 9.372469276617393374e-01
3.111520000000000064e+00 9.356006987943082942e-01
3.124493000000000187e+00 9.399452866461474043e-01
3.137413000000000007e+00 9.397408833318007249e-01
3.150282999999999944e+00 9.413328852047981865e-01
3.163101999999999858e+00 9.424529538718341426e-01
3.175870000000000193e+00 9.424054450679050232e-01
3.188590000000000035e+00 9.470226746827328235e-01
3.201259999999999994e+00 9.428330874792423266e-01
3.213881000000000210e+00 9.483485316877580118e-01
3.226453999999999933e+00 9.487887589160234336e-01
3.238980000000000192e+00 9.483119147489386114e-01
3.251457999999999959e+00 9.521006666482849656e-01
3.263888999999999818e+00 9.521273424930299933e-01
3.276273999999999909e+00 9.519554869947233211e-01
3.288613999999999926e+00 9.534827424937826201e-01
3.300907000000000036e+00 9.538373081623279237e-01
3.313156000000000212e+00 9.550551640558149202e-01
3.325359999999999872e+00 9.584037294174033716e-01
3.337521000000000182e+00 9.573516924670332218e-01
3.349638000000000115e+00 9.559857151849960877e-01
3.361711000000000116e+00 9.575660689255212077e-01
3.373740999999999879e+00 9.584591271425746406e-01
3.385728999999999989e+00 9.573262530236394952e-01
3.397676000000000140e+00 9.584467107192518043e-01
3.409581000000000195e+00 9.581942097154216853e-01
3.421443000000000012e+00 9.587433231888691232e-01
3.433265000000000011e+00 9.597500030002478200e-01
3.445047000000000192e+00 9.600395240516679252e-01
3.456789000000000112e+00 9.604867176880500512e-01
3.468490000000000073e+00 9.615711677204117347e-01
3.480153000000000052e+00 9.615352701819027681e-01
3.491776999999999909e+00 9.594026538444520025e-01
3.503360999999999947e+00 9.628756564596607781e-01
3.514907000000000004e+00 9.631951513048213620e-01
3.526415000000000077e+00 9.626015951547617355e-01
3.537885000000000169e+00 9.633776446409775263e-01
3.549317999999999973e+00 9.636784654113876858e-01
3.560715000000000074e+00 9.640454131204436727e-01
3.572074000000000193e+00 9.643316421663806759e-01
3.583397000000000165e+00 9.651078046705284796e-01
3.594683999999999990e+00 9.661971397524232730e-01
3.605935000000000112e+00 9.662794616147828419e-01
3.617150000000000087e+00 9.661275318358260034e-01
3.628331000000000195e+00 9.664488725819984083e-01
3.639476999999999851e+00 9.670412999291853051e-01
3.650586999999999804e+00 9.676172116535171064e-01
3.661664000000000030e+00 9.679333978826011320e-01
3.672706999999999944e+00 9.677873102951279893e-01
3.683715999999999990e+00 9.678553431936347540e-01
3.694691000000000169e+00 9.685745437508628264e-01
3.705633000000000177e+00 9.696756799280340511e-01
3.716542000000000012e+00 9.704753723529253584e-01
3.727418999999999816e+00 9.703488366731767290e-01
3.738262999999999892e+00 9.685790176547478536e-01
3.749074999999999935e+00 9.704622155463044075e-01
3.759856000000000087e+00 9.710422064314803148e-01
3.770604000000000067e+00 9.708837388344939701e-01
3.781321000000000154e+00 9.720133295924340278e-01
3.792008000000000045e+00 9.722172868178380334e-01
3.802662999999999904e+00 9.721325451636012582e-01
3.813288000000000011e+00 9.720018965770975683e-01
3.823881999999999781e+00 9.715846926958171537e-01
3.834445999999999799e+00 9.717803082991333108e-01
3.844980000000000064e+00 9.726381083512581904e-01
3.855484999999999829e+00 9.732576742904259781e-01
3.865959999999999841e+00 9.734447570481455925e-01
3.876405999999999796e+00 9.733038714852216833e-01
3.886821999999999999e+00 9.731599103390092820e-01
3.897209999999999841e+00 9.732684434815008778e-01
3.907569000000000070e+00 9.735440650242008775e-01
3.917899999999999938e+00 9.738114842753510247e-01
3.928202999999999889e+00 9.737248727310301444e-01
3.938477999999999923e+00 9.734100545725579146e-01
3.948726000000000180e+00 9.734568242394296966e-01
3.958944999999999936e+00 9.731943673772852632e-01
3.969136000000000220e+00 9.726439753644263719e-01
3.979300999999999977e+00 9.725264827327957384e-01
3.989438999999999957e+00 9.720858968567807068e-01
3.999550000000000161e+00 9.711626773338307705e-01
4.009635000000000282e+00 9.706966406433930050e-01
4.019694000000000322e+00 9.703353253289058733e-01
4.029725000000000001e+00 9.700217223379301590e-01
4.039730999999999739e+00 9.688250354082424964e-01
4.049711000000000283e+00 9.671625710016720223e-01
4.059664999999999857e+00 9.683759587628285592e-01
4.069594999999999629e+00 9.679914983366851855e-01
4.079498000000000069e+00 9.650627198163411746e-01
4.089375999999999678e+00 9.652438824495815917e-01
4.099230000000000373e+00 9.662335366286509686e-01
4.109059000000000239e+00 9.654795077252780189e-01
4.118863000000000163e+00 9.644790796971175473e-01
4.128642000000000145e+00 9.631570702626844893e-01
4.138397999999999577e+00 9.638536004210298547e-01
4.148128999999999955e+00 9.649782931780263029e-01
4.157835999999999643e+00 9.623039349080027005e-01
4.167519999999999669e+00 9.608091682547008627e-01
4.177178999999999753e+00 9.618602990465433544e-01
4.186816000000000315e+00 9.626164685763538564e-01
4.196429000000000187e+00 9.632015736063144207e-01
4.206018000000000256e+00 9.614775251406496581e-01
4.215584999999999916e+00 9.598599720120403189e-01
4.225128999999999913e+00 9.615751646004694342e-01
4.234651000000000387e+00 9.615834319638233429e-01
4.244149000000000171e+00 9.584976838389843712e-01
4.253624000000000294e+00 9.575592248234031656e-01
4.263079000000000285e+00 9.583240540095193660e-01
4.272509999999999586e+00 9.587607527721130340e-01
4.281919000000000253e+00 9.591073171570574374e-01
4.291306999999999761e+00 9.585419817992537617e-01
4.300672999999999746e+00 9.577728500878153195e-01
4.310017000000000209e+00 9.562097044546247204e-01
4.319340000000000401e+00 9.546820615260113163e-01
4.328642000000000323e+00 9.532744184272076149e-01
4.337921999999999834e+00 9.520837165876714359e-01
4.347180999999999962e+00 9.511878639607347363e-01
4.356419999999999959e+00 9.499920949768526635e-01
4.365637000000000434e+00 9.485416453374229118e-01
4.374832999999999750e+00 9.468482793269658027e-01
4.384008999999999823e+00 9.450110283618841089e-01
4.393164999999999765e+00 9.434983437668077455e-01
4.402300000000000324e+00 9.420354605267606818e-01
4.411414999999999864e+00 9.423691385766910233e-01
4.420510000000000161e+00 9.429979053591404092e-01
4.429585000000000328e+00 9.408801132511595000e-01
4.438640999999999615e+00 9.384506113353776602e-01
4.447676000000000407e+00 9.378927421294351863e-01
4.456692000000000320e+00 9.373621181496968324e-01
4.465689000000000242e+00 9.363605987568153211e-01
4.474664999999999893e+00 9.353374786782089334e-01
4.483622999999999692e+00 9.351737054091873169e-01
4.492562000000000388e+00 9.350166715679123497e-01
4.501481000000000066e+00 9.351108804588246226e-01
4.510381999999999891e+00 9.351908384763835125e-01
4.519262999999999586e+00 9.341263003850266422e-01
4.528126000000000317e+00 9.330225945744599070e-01
4.536971000000000309e+00 9.338879524021208578e-01
4.545796000000000170e+00 9.347904012850218880e-01
4.554604000000000319e+00 9.333756278620426450e-01
4.563392999999999589e+00 9.317133919571506384e-01
4.572162999999999755e+00 9.331920222433848222e-01
4.580917000000000350e+00 9.351260986417123666e-01
4.589650999999999925e+00 9.359240150332740482e-01
4.598367999999999789e+00 9.364103687658420494e-01
4.607066999999999801e+00 9.363702412555826582e-01
4.615747999999999962e+00 9.360729068933286712e-01
4.624412000000000411e+00 9.363895191409021823e-01
4.633058000000000121e+00 9.372052509945788534e-01
4.641687000000000118e+00 9.386538181431309802e-01
4.650298000000000265e+00 9.409289967436736957e-01
4.658892999999999951e+00 9.424270269650626419e-01
4.667468999999999646e+00 9.418848332506013499e-01
4.676028999999999769e+00 9.415038324997672126e-01
4.684573000000000320e+00 9.429140428894130510e-01
4.693099000000000132e+00 9.442863738762331538e-01
4.701609000000000371e+00 9.432788054807407230e-01
4.710100999999999871e+00 9.419621307002858934e-01
4.718577999999999939e+00 9.418479247945584776e-01
4.727036000000000016e+00 9.422866926187600800e-01
4.735479999999999912e+00 9.420938986362414891e-01
4.743905999999999956e+00 9.411540798369852912e-01
4.752316999999999680e+00 9.403222822771596379e-01
4.760710999999999693e+00 9.399365121317678762e-01
4.769089000000000134e+00 9.395365109929285641e-01
4.777451000000000114e+00 9.393689608660797941e-01
4.785797999999999774e+00 9.392128972417068677e-01
4.794127999999999723e+00 9.402686606246054568e-01
4.802443000000000239e+00 9.419258305673339216e-01
4.810742000000000296e+00 9.430722039884679164e-01
4.819026000000000032e+00 9.433342486802035465e-01
4.827293000000000056e+00 9.435578801369539637e-01
4.835545999999999900e+00 9.427607411868199616e-01
4.843783000000000172e+00 9.419512834016618985e-01
4.852005000000000123e+00 9.422947225270587035e-01
4.860210999999999615e+00 9.431516380382752862e-01
4.868402999999999814e+00 9.435487918368271609e-01
4.876579000000000441e+00 9.430087670333818783e-01
4.884741000000000000e+00 9.424574464676046537e-01
4.892886999999999986e+00 9.418910456038108725e-01
4.901018999999999792e+00 9.413166955127422186e-01
4.909135000000000026e+00 9.402779798108920062e-01
4.917238000000000220e+00 9.388484160100714071e-01
4.925323999999999813e+00 9.376930082969576752e-01
4.933398000000000394e+00 9.385387222208642077e-01
4.941455999999999626e+00 9.393927747749166723e-01
4.949500999999999706e+00 9.388140572104817227e-01
4.957529000000000075e+00 9.375310006723596157e-01
4.965544999999999654e+00 9.375257096291471637e-01
4.973545999999999800e+00 9.419865926077312102e-01
4.981532999999999767e+00 9.461728716957864549e-01
4.989506000000000441e+00 9.449670865498766004e-01
4.997465000000000046e+00 9.417383565203535367e-01
5.005409000000000219e+00 9.387790441829353405e-01
5.013340000000000352e+00 9.372836396318366958e-01
5.021258000000000443e+00 9.357393338622639334e-01
5.029161000000000215e+00 9.368536558858575614e-01
5.037050999999999945e+00 9.390046661063642386e-01
5.044926000000000244e+00 9.408230367234290403e-01
5.052788999999999753e+00 9.413081821768094493e-01
5.060637999999999970e+00 9.418010432556062073e-01
5.068473000000000006e+00 9.411208689797864180e-01
5.076296000000000141e+00 9.395948914188554379e-01
5.084103999999999957e+00 9.380320189323141378e-01
5.091899999999999871e+00 9.401843199087398517e-01
5.099681999999999604e+00 9.423012051660554222e-01
5.107451000000000185e+00 9.431938064022271639e-01
5.115206999999999837e+00 9.421920383363746598e-01
5.122949000000000197e+00 9.411676738436600687e-01
5.130679999999999907e+00 9.418864554775269182e-01
5.138397000000000325e+00 9.431612104901253568e-01
5.146100999999999814e+00 9.442106594759616112e-01
5.153793000000000291e+00 9.433191252078676481e-01
5.161470999999999698e+00 9.423912368849481913e-01
5.169137000000000093e+00 9.430321895640982888e-01
5.176789999999999559e+00 9.458065444696951429e-01
5.184431000000000012e+00 9.484653411992797212e-01
5.192059999999999675e+00 9.476643175338238523e-01
5.199675000000000047e+00 9.454353645108976023e-01
5.207278999999999769e+00 9.430941647083445067e-01
5.214869000000000199e+00 9.449783220383142224e-01
5.222447999999999979e+00 9.468454504304797403e-01
5.230014999999999858e+00 9.480257908264884126e-01
5.237567999999999557e+00 9.471995041806525739e-01
5.245110999999999635e+00 9.463461014187223297e-01
5.252640999999999671e+00 9.459265728081567293e-01
5.260157999999999667e+00 9.460136919329203975e-01
5.267663999999999902e+00 9.461003083555329374e-01
5.275158000000000236e+00 9.462259773474614999e-01
5.282639999999999780e+00 9.463718161308147803e-01
5.290110999999999564e+00 9.465194663627730653e-01
5.297569000000000194e+00 9.469873451259558372e-01
