6.988050000000000095e-01 7.630325387958143413e-01
7.054350000000000342e-01 8.473699275036855605e-01
7.122249999999999970e-01 8.221910391866751322e-01
7.191800000000000415e-01 8.408993087174164716e-01
7.263169999999999904e-01 8.653975580359118958e-01
7.336439999999999628e-01 8.857221030278252805e-01
7.411480000000000290e-01 8.795630212331055908e-01
7.488550000000000484e-01 8.661179357847774707e-01
7.567639999999999922e-01 8.583114608908622989e-01
7.648749999999999716e-01 7.736169569345650032e-01
7.732109999999999816e-01 7.900309863876023853e-01
7.817619999999999569e-01 8.705728577681760560e-01
7.905440000000000245e-01 8.747105935309148483e-01
7.995679999999999454e-01 8.850239586276289483e-01
8.088269999999999627e-01 9.055866977533474360e-01
8.183420000000000138e-01 9.110030149671580757e-01
8.281209999999999960e-01 9.147402624608902411e-01
8.381629999999999914e-01 9.172516259067002853e-01
8.484770000000000367e-01 8.955807219058748991e-01
8.590719999999999468e-01 9.102808525153055497e-01
8.699550000000000338e-01 9.021424953030722227e-01
8.811350000000000016e-01 9.162645059768269595e-01
8.926159999999999650e-01 9.208180670044343596e-01
9.044060000000000432e-01 9.146233386355333561e-01
9.165079999999999893e-01 9.361633248564337206e-01
9.289260000000000295e-01 9.346390712113900046e-01
9.416799999999999615e-01 9.351884649996902166e-01
9.547579999999999956e-01 9.457173884486882454e-01
9.681659999999999711e-01 9.471975314777375532e-01
9.819160000000000110e-01 9.384059119710790320e-01
9.959980000000000500e-01 9.138182115426111141e-01
1.010421999999999931e+00 9.245034105081371134e-01
1.025187000000000070e+00 9.314649129256112881e-01
1.040286000000000044e+00 9.380847086526789003e-01
1.055719999999999992e+00 9.464163472958256884e-01
1.071490000000000054e+00 9.448643365949940254e-01
1.087587999999999999e+00 9.532973075721545841e-01
1.104006999999999961e+00 9.515313264609915889e-01
1.120740000000000069e+00 9.537856556004652431e-01
1.137777999999999956e+00 9.478985592085857892e-01
1.155116000000000032e+00 9.607832340596170750e-01
1.172739999999999894e+00 9.447950829197121481e-01
1.190638000000000085e+00 9.613812111684337802e-01
1.208795999999999982e+00 9.610183178608370236e-01
1.227203999999999962e+00 9.643313096304180210e-01
1.245846000000000009e+00 9.559069314530921346e-01
1.264704999999999968e+00 9.640855984126859290e-01
1.283770000000000078e+00 9.662368515386141610e-01
1.303020000000000067e+00 9.650551082119734891e-01
1.322446000000000010e+00 9.645384401034141630e-01
1.342024000000000106e+00 9.426942883073777812e-01
1.361742999999999926e+00 9.410849191319587970e-01
1.381585000000000063e+00 9.461537403831944415e-01
1.401534999999999975e+00 9.411185328402690287e-01
1.421578999999999926e+00 9.371143641271933999e-01
1.441699999999999982e+00 9.396919594628102557e-01
1.461883999999999961e+00 9.451814534911143761e-01
1.482118000000000047e+00 9.478253745413677267e-01
1.502388999999999974e+00 9.515355368187095042e-01
1.522683000000000009e+00 9.555427347556878503e-01
1.542990000000000084e+00 9.588218680767304214e-01
1.563298000000000076e+00 9.625758809128168725e-01
1.583596000000000004e+00 9.654895124039285514e-01
1.603874999999999940e+00 9.673858994575821324e-01
1.624125999999999959e+00 9.689802398372493464e-01
1.644339999999999913e+00 9.698612254698608659e-01
1.664509999999999934e+00 9.704446265992595633e-01
1.684628000000000014e+00 9.710910502725930149e-01
1.704688999999999899e+00 9.695535399294245016e-01
1.724685000000000024e+00 9.653054765128115111e-01
1.744612999999999969e+00 9.603603377327234458e-01
1.764467000000000008e+00 9.557535025887361479e-01
1.784242000000000106e+00 9.504781890839758551e-01
1.803935999999999984e+00 9.466354863859115509e-01
1.823541999999999996e+00 9.476851222386293294e-01
1.843061999999999978e+00 9.447641708185514631e-01
1.862489000000000061e+00 9.386818909563525715e-01
1.881822000000000106e+00 9.454250417614048496e-01
1.901059999999999972e+00 9.508420862587703137e-01
1.920201000000000047e+00 9.522253252706274207e-01
1.939241999999999910e+00 9.496573743359674191e-01
1.958183000000000007e+00 9.467405802289460270e-01
1.977022999999999975e+00 9.494703242550681654e-01
1.995762000000000036e+00 9.487236363333447775e-01
2.014396000000000075e+00 9.500189107433205660e-01
2.032928000000000068e+00 9.539883290384075787e-01
2.051358000000000015e+00 9.583586309457258201e-01
2.069682999999999939e+00 9.621889149765328053e-01
2.087905999999999818e+00 9.647890394144905679e-01
2.106025999999999954e+00 9.681145566180131556e-01
2.124042000000000208e+00 9.699727200526807591e-01
2.141954999999999831e+00 9.720895767135878662e-01
2.159766999999999992e+00 9.730909387773905017e-01
2.177477999999999803e+00 9.738609355804138668e-01
2.195085999999999871e+00 9.739644245795382460e-01
2.212593000000000032e+00 9.741250597784782972e-01
2.230001000000000122e+00 9.738295345716351248e-01
2.247310000000000141e+00 9.733463407715046145e-01
2.264520999999999784e+00 9.730962338080469953e-01
2.281633999999999940e+00 9.728567975838802173e-01
2.298649999999999860e+00 9.657632235979477509e-01
2.315570000000000128e+00 9.667197059909627965e-01
2.332393999999999856e+00 9.656710039616628327e-01
2.349124000000000212e+00 9.645452075392511038e-01
2.365762000000000143e+00 9.627692266584439995e-01
2.382305999999999813e+00 9.641163168118698223e-01
2.398759999999999781e+00 9.636015353727095389e-01
2.415122000000000213e+00 9.601755963572324859e-01
2.431395000000000195e+00 9.564448307371593572e-01
2.447579999999999867e+00 9.533888708771462994e-01
2.463677000000000117e+00 9.518323166560159754e-01
2.479687000000000197e+00 9.451261174284700806e-01
2.495610999999999802e+00 9.455556432201787098e-01
2.511448999999999820e+00 9.390397370001568600e-01
2.527204999999999924e+00 9.362586392292611137e-01
2.542876999999999832e+00 9.358662440337547350e-01
2.558467999999999964e+00 9.358779200146096766e-01
2.573977999999999877e+00 9.367264264414512098e-01
2.589407000000000014e+00 9.386404578766118778e-01
2.604757000000000211e+00 9.423189646877608849e-01
2.620028000000000024e+00 9.425478443095461900e-01
2.635222999999999871e+00 9.441190450264188572e-01
2.650341000000000058e+00 9.483964553778047035e-01
2.665382999999999836e+00 9.465943021032517946e-01
2.680349999999999788e+00 9.381105991981579795e-01
2.695244000000000195e+00 9.346041899598047653e-01
2.710064000000000028e+00 9.336377160467851377e-01
2.724810999999999872e+00 9.348591039247791112e-01
2.739488999999999841e+00 9.353525073941907353e-01
2.754094999999999960e+00 9.392832701792221961e-01
2.768629999999999924e+00 9.377147586289915626e-01
2.783097999999999850e+00 9.351224662130723786e-01
2.797496999999999900e+00 9.394013839647966657e-01
2.811828999999999912e+00 9.357758658548592789e-01
2.826095000000000024e+00 9.433445759613904302e-01
2.840292999999999957e+00 9.362709457368352250e-01
2.854427999999999965e+00 9.393347029246247315e-01
2.868497000000000074e+00 9.406014280060993604e-01
2.882503999999999955e+00 9.398612085565331009e-01
2.896446000000000076e+00 9.425592449032610398e-01
2.910327000000000108e+00 9.403711958479076261e-01
2.924147000000000052e+00 9.418311389515409138e-01
2.937905000000000211e+00 9.425974605468928624e-01
2.951604000000000116e+00 9.432406319404362804e-01
2.965241999999999933e+00 9.431286315835540890e-01
2.978822000000000081e+00 9.464011026039175212e-01
2.992344000000000115e+00 9.464820711053650859e-01
3.005808000000000035e+00 9.481694707772350128e-01
3.019216000000000122e+00 9.488592914228716202e-01
3.032566000000000095e+00 9.503689474725346420e-01
3.045860999999999930e+00 9.504408502487464716e-01
3.059101000000000070e+00 9.528030601930365107e-01
3.072286000000000072e+00 9.533626554942806752e-01
3.085418000000000216e+00 9.541492567191217633e-01
3.098495000000000221e+00 9.569584497561820502e-01
3.111520000000000064e+00 9.557530915951916173e-01
3.124493000000000187e+00 9.589319826973968786e-01
3.137413000000000007e+00 9.588319240775512453e-01
3.150282999999999944e+00 9.600024041733123958e-01
3.163101999999999858e+00 9.608213016144796503e-01
3.175870000000000193e+00 9.607795738136426511e-01
3.188590000000000035e+00 9.642168234171542007e-01
3.201259999999999994e+00 9.611424158886308078e-01
3.213881000000000210e+00 9.652257523339394796e-01
3.226453999999999933e+00 9.654685079781276658e-01
3.238980000000000192e+00 9.651396486680797748e-01
3.251457999999999959e+00 9.678235287150348531e-01
3.263888999999999818e+00 9.678767979164120128e-01
3.276273999999999909e+00 9.678242804173574632e-01
3.288613999999999926e+00 9.688781476278850446e-01
3.300907000000000036e+00 9.692886099922389809e-01
3.313156000000000212e+00 9.703828565365553160e-01
3.325359999999999872e+00 9.730149816738449253e-01
3.337521000000000182e+00 9.722284269100274212e-01
3.349638000000000115e+00 9.711186249514638380e-01
3.361711000000000116e+00 9.721624344102204329e-01
3.373740999999999879e+00 9.727130162552577453e-01
3.385728999999999989e+00 9.718759410819332034e-01
3.397676000000000140e+00 9.726441243558298089e-01
3.409581000000000195e+00 9.725419044650183142e-01
3.421443000000000012e+00 9.729035937605050588e-01
3.433265000000000011e+00 9.736363842368764843e-01
3.445047000000000192e+00 9.738619065227148708e-01
3.456789000000000112e+00 9.741832385890468737e-01
3.468490000000000073e+00 9.749557264327178840e-01
3.480153000000000052e+00 9.749475314638142986e-01
3.491776999999999909e+00 9.733852673170377834e-01
3.503360999999999947e+00 9.758579029902065827e-01
3.514907000000000004e+00 9.760537797489167167e-01
3.526415000000000077e+00 9.756093506110856683e-01
3.537885000000000169e+00 9.761725794953662882e-01
3.549317999999999973e+00 9.763754122274238556e-01
3.560715000000000074e+00 9.766519955838061096e-01
3.572074000000000193e+00 9.768522558881844731e-01
3.583397000000000165e+00 9.773838324834628333e-01
3.594683999999999990e+00 9.781364093793286640e-01
3.605935000000000112e+00 9.782097809274498124e-01
3.617150000000000087e+00 9.780891944268659266e-01
3.628331000000000195e+00 9.782945345152448402e-01
3.639476999999999851e+00 9.786985146065090291e-01
3.650586999999999804e+00 9.791112943762596554e-01
3.661664000000000030e+00 9.793497034861196049e-01
3.672706999999999944e+00 9.792387154143434858e-01
3.683715999999999990e+00 9.792731432607564290e-01
3.694691000000000169e+00 9.797752849809461262e-01
3.705633000000000177e+00 9.805956947418270619e-01
3.716542000000000012e+00 9.811558822002760527e-01
3.727418999999999816e+00 9.810451264646008473e-01
3.738262999999999892e+00 9.797796841569061943e-01
3.749074999999999935e+00 9.811550989216648588e-01
3.759856000000000087e+00 9.815628533806881606e-01
3.770604000000000067e+00 9.814317778062841002e-01
3.781321000000000154e+00 9.822901394546433851e-01
3.792008000000000045e+00 9.824266825483171095e-01
3.802662999999999904e+00 9.823621546214572620e-01
3.813288000000000011e+00 9.823057486692002849e-01
3.823881999999999781e+00 9.819806430587285639e-01
3.834445999999999799e+00 9.820988775430905537e-01
3.844980000000000064e+00 9.827036794725171331e-01
3.855484999999999829e+00 9.831823676853416183e-01
3.865959999999999841e+00 9.833256847149053348e-01
3.876405999999999796e+00 9.832164193704986399e-01
3.886821999999999999e+00 9.831216265320696923e-01
3.897209999999999841e+00 9.832070223337197046e-01
3.907569000000000070e+00 9.834098606798084008e-01
3.917899999999999938e+00 9.835914382412788148e-01
3.928202999999999889e+00 9.835286520186493631e-01
3.938477999999999923e+00 9.833082664293639752e-01
3.948726000000000180e+00 9.833370558790676119e-01
3.958944999999999936e+00 9.831543088998221380e-01
3.969136000000000220e+00 9.827744930989213978e-01
3.979300999999999977e+00 9.826859340230225115e-01
3.989438999999999957e+00 9.823799921611537922e-01
3.999550000000000161e+00 9.817493856292118792e-01
4.009635000000000282e+00 9.814130846574411482e-01
4.019694000000000322e+00 9.811549927704578122e-01
4.029725000000000001e+00 9.809617343918880517e-01
4.039730999999999739e+00 9.800896473280673593e-01
4.049711000000000283e+00 9.788599684024833492e-01
4.059664999999999857e+00 9.798399784175211291e-01
4.069594999999999629e+00 9.796103015239970846e-01
4.079498000000000069e+00 9.774559917070856363e-01
4.089375999999999678e+00 9.776079768556892313e-01
4.099230000000000373e+00 9.783562625692596715e-01
4.109059000000000239e+00 9.777859064078234796e-01
4.118863000000000163e+00 9.770719921593157276e-01
4.128642000000000145e+00 9.761719696394183243e-01
4.138397999999999577e+00 9.766754586339462252e-01
4.148128999999999955e+00 9.774708912640849290e-01
4.157835999999999643e+00 9.755396270892521260e-01
4.167519999999999669e+00 9.744748275469173882e-01
4.177178999999999753e+00 9.752806404056587608e-01
4.186816000000000315e+00 9.758571291301848527e-01
4.196429000000000187e+00 9.763005805494122669e-01
4.206018000000000256e+00 9.750839433860859495e-01
4.215584999999999916e+00 9.739482498694453927e-01
4.225128999999999913e+00 9.752398107388903226e-01
4.234651000000000387e+00 9.752905376069130883e-01
4.244149000000000171e+00 9.730966933464189061e-01
4.253624000000000294e+00 9.723767796569653399e-01
4.263079000000000285e+00 9.728325827877637444e-01
4.272509999999999586e+00 9.731874146952669280e-01
4.281919000000000253e+00 9.735140325738941280e-01
4.291306999999999761e+00 9.731339504403796470e-01
4.300672999999999746e+00 9.726108824607644365e-01
4.310017000000000209e+00 9.715353252524236982e-01
4.319340000000000401e+00 9.704720046313071169e-01
4.328642000000000323e+00 9.694641521574717258e-01
4.337921999999999834e+00 9.685852419556768567e-01
4.347180999999999962e+00 9.678837056064427680e-01
4.356419999999999959e+00 9.669580642142084903e-01
4.365637000000000434e+00 9.658411716530080904e-01
4.374832999999999750e+00 9.645851770158518912e-01
4.384008999999999823e+00 9.632412962325000994e-01
4.393164999999999765e+00 9.621524848002039887e-01
4.402300000000000324e+00 9.611051353584699752e-01
4.411414999999999864e+00 9.614221566379362871e-01
4.420510000000000161e+00 9.619643685738411554e-01
4.429585000000000328e+00 9.604141709659573811e-01
4.438640999999999615e+00 9.586269766571395845e-01
4.447676000000000407e+00 9.582288602010163858e-01
4.456692000000000320e+00 9.578514285139032580e-01
4.465689000000000242e+00 9.571558955098441457e-01
4.474664999999999893e+00 9.564442328450609709e-01
4.483622999999999692e+00 9.563088501798924224e-01
4.492562000000000388e+00 9.561816409309614739e-01
4.501481000000000066e+00 9.563477292847196720e-01
4.510381999999999891e+00 9.565011402536350849e-01
4.519262999999999586e+00 9.555933096450164310e-01
4.528126000000000317e+00 9.546517138908541256e-01
4.536971000000000309e+00 9.553876247172577996e-01
4.545796000000000170e+00 9.561548971360552818e-01
4.554604000000000319e+00 9.550907545357320005e-01
4.563392999999999589e+00 9.538323608956836841e-01
4.572162999999999755e+00 9.549793977112082111e-01
4.580917000000000350e+00 9.564734480995771282e-01
4.589650999999999925e+00 9.569661979721553191e-01
4.598367999999999789e+00 9.571817163862622602e-01
4.607066999999999801e+00 9.571019068989963241e-01
4.615747999999999962e+00 9.568774996312794379e-01
4.624412000000000411e+00 9.571347455526798553e-01
4.633058000000000121e+00 9.577834026347957774e-01
4.641687000000000118e+00 9.588469077829110399e-01
4.650298000000000265e+00 9.604474365203696795e-01
4.658892999999999951e+00 9.614946561877869557e-01
4.667468999999999646e+00 9.610933115704225482e-01
4.676028999999999769e+00 9.608130659455618172e-01
4.684573000000000320e+00 9.618772019156540676e-01
4.693099000000000132e+00 9.629119583425101991e-01
4.701609000000000371e+00 9.621613764874247243e-01
4.710100999999999871e+00 9.611784640967926396e-01
4.718577999999999939e+00 9.611182218598955940e-01
4.727036000000000016e+00 9.614819724581895599e-01
4.735479999999999912e+00 9.613815332627561050e-01
4.743905999999999956e+00 9.607326252257327726e-01
4.752316999999999680e+00 9.601443502200073254e-01
4.760710999999999693e+00 9.598130144426400001e-01
4.769089000000000134e+00 9.594694101234836348e-01
4.777451000000000114e+00 9.593786678710922722e-01
4.785797999999999774e+00 9.593011207553641118e-01
4.794127999999999723e+00 9.600858215723995226e-01
4.802443000000000239e+00 9.612971315772883552e-01
4.810742000000000296e+00 9.621249193662279042e-01
4.819026000000000032e+00 9.622899244483353876e-01
4.827293000000000056e+00 9.624276509717704098e-01
4.835545999999999900e+00 9.618448933662645528e-01
4.843783000000000172e+00 9.612528442000328743e-01
4.852005000000000123e+00 9.614743575188651192e-01
4.860210999999999615e+00 9.620579479603793560e-01
4.868402999999999814e+00 9.623379635252381492e-01
4.876579000000000441e+00 9.619996585114497512e-01
4.884741000000000000e+00 9.616541229011005276e-01
4.892886999999999986e+00 9.611404959339207021e-01
4.901018999999999792e+00 9.606116123691579300e-01
4.909135000000000026e+00 9.598163613207348899e-01
4.917238000000000220e+00 9.587956594920172826e-01
4.925323999999999813e+00 9.579558214867323063e-01
4.933398000000000394e+00 9.584483117391595641e-01
4.941455999999999626e+00 9.589452707355774486e-01
4.949500999999999706e+00 9.585029172862951086e-01
4.957529000000000075e+00 9.575962805905360309e-01
4.965544999999999654e+00 9.576303078811732039e-01
4.973545999999999800e+00 9.609429932251869477e-01
4.981532999999999767e+00 9.640439748317723989e-01
4.989506000000000441e+00 9.630728617830631721e-01
4.997465000000000046e+00 9.605680106565817056e-01
5.005409000000000219e+00 9.582829234062224533e-01
5.013340000000000352e+00 9.571822818204731576e-01
5.021258000000000443e+00 9.560446193613520993e-01
5.029161000000000215e+00 9.568326886294145073e-01
5.037050999999999945e+00 9.583709096708568076e-01
5.044926000000000244e+00 9.596596796122124351e-01
5.052788999999999753e+00 9.599434419800102480e-01
5.060637999999999970e+00 9.602315894917889949e-01
5.068473000000000006e+00 9.597275768142482510e-01
5.076296000000000141e+00 9.586509748771158135e-01
5.084103999999999957e+00 9.575474251958722149e-01
5.091899999999999871e+00 9.592157026369647621e-01
5.099681999999999604e+00 9.608547365957983422e-01
5.107451000000000185e+00 9.615198485565866759e-01
5.115206999999999837e+00 9.606783656203028432e-01
5.122949000000000197e+00 9.598175759841828247e-01
5.130679999999999907e+00 9.604047409219931275e-01
5.138397000000000325e+00 9.614534795069410444e-01
5.146100999999999814e+00 9.623248567220820116e-01
5.153793000000000291e+00 9.616794747548201849e-01
5.161470999999999698e+00 9.610074006173175976e-01
5.169137000000000093e+00 9.614793280846397616e-01
5.176789999999999559e+00 9.635046053346530970e-01
5.184431000000000012e+00 9.654423611746603129e-01
5.192059999999999675e+00 9.648521307518629353e-01
5.199675000000000047e+00 9.632172670700908101e-01
5.207278999999999769e+00 9.614977515781170103e-01
5.214869000000000199e+00 9.628472217371577546e-01
5.222447999999999979e+00 9.641832558241782980e-01
5.230014999999999858e+00 9.650136518639200744e-01
5.237567999999999557e+00 9.643671426117258472e-01
5.245110999999999635e+00 9.636991429767498563e-01
5.252640999999999671e+00 9.633739657559162728e-01
5.260157999999999667e+00 9.634491519529604364e-01
5.267663999999999902e+00 9.635239022093016192e-01
5.275158000000000236e+00 9.636175413112961774e-01
5.282639999999999780e+00 9.637213268089028784e-01
5.290110999999999564e+00 9.638263916012347332e-01
5.297569000000000194e+00 9.641546831565901421e-01
