6.988050000000000095e-01 7.664931689726320885e-01
7.054350000000000342e-01 8.896916404816512802e-01
7.122249999999999970e-01 8.460711053247225166e-01
7.191800000000000415e-01 8.748449601383260221e-01
7.263169999999999904e-01 9.116694099675332064e-01
7.336439999999999628e-01 9.453065269272321602e-01
7.411480000000000290e-01 9.402922744529027543e-01
7.488550000000000484e-01 9.239289171981560633e-01
7.567639999999999922e-01 9.157425258286013836e-01
7.648749999999999716e-01 8.041926567728350239e-01
7.732109999999999816e-01 8.244004827520018397e-01
7.817619999999999569e-01 9.275194912932793745e-01
7.905440000000000245e-01 9.261546812877657908e-01
7.995679999999999454e-01 9.413970934035141847e-01
8.088269999999999627e-01 9.702161192256100186e-01
8.183420000000000138e-01 9.731677949370299840e-01
8.281209999999999960e-01 9.780583193714353918e-01
8.381629999999999914e-01 9.788513336789085306e-01
8.484770000000000367e-01 9.425436360329400021e-01
8.590719999999999468e-01 9.652442680328935376e-01
8.699550000000000338e-01 9.635910197126039689e-01
8.811350000000000016e-01 9.812800816259701353e-01
8.926159999999999650e-01 9.853505586765441970e-01
9.044060000000000432e-01 9.731950172574425073e-01
9.165079999999999893e-01 1.000511240563804582e+00
9.289260000000000295e-01 9.984403453090228142e-01
9.416799999999999615e-01 9.972187660591699254e-01
9.547579999999999956e-01 1.009654884596170143e+00
9.681659999999999711e-01 1.009258949610011946e+00
9.819160000000000110e-01 9.985896927029550563e-01
9.959980000000000500e-01 9.741751528392873505e-01
1.010421999999999931e+00 9.870027375520686874e-01
1.025187000000000070e+00 9.949594659438931732e-01
1.040286000000000044e+00 1.001886456872203457e+00
1.055719999999999992e+00 1.010005546675339261e+00
1.071490000000000054e+00 1.007004112306203458e+00
1.087587999999999999e+00 1.013303268525379330e+00
1.104006999999999961e+00 1.011182424636404509e+00
1.120740000000000069e+00 1.012542477801856133e+00
1.137777999999999956e+00 1.004222783619819204e+00
1.155116000000000032e+00 1.019189442028170411e+00
1.172739999999999894e+00 1.002943915775298622e+00
1.190638000000000085e+00 1.018308585709444491e+00
1.208795999999999982e+00 1.018696607340604965e+00
1.227203999999999962e+00 1.021065063929892380e+00
1.245846000000000009e+00 1.012450143993349982e+00
1.264704999999999968e+00 1.019033405990301677e+00
1.283770000000000078e+00 1.021103311273815706e+00
1.303020000000000067e+00 1.019596033186745299e+00
1.322446000000000010e+00 1.018978137663706818e+00
1.342024000000000106e+00 1.003277920993639327e+00
1.361742999999999926e+00 1.001998582129602466e+00
1.381585000000000063e+00 1.005654821349221573e+00
1.401534999999999975e+00 1.000668618404914278e+00
1.421578999999999926e+00 9.963080082868307485e-01
1.441699999999999982e+00 9.979960494466991738e-01
1.461883999999999961e+00 1.001082781114741582e+00
1.482118000000000047e+00 1.001903314274419587e+00
1.502388999999999974e+00 1.004550512906062787e+00
1.522683000000000009e+00 1.006646426918619497e+00
1.542990000000000084e+00 1.008084631496561245e+00
1.563298000000000076e+00 1.010673350860644248e+00
1.583596000000000004e+00 1.012831338919519375e+00
1.603874999999999940e+00 1.014260284663775602e+00
1.624125999999999959e+00 1.015797170908698588e+00
1.644339999999999913e+00 1.016975045971459712e+00
1.664509999999999934e+00 1.017932643745612875e+00
1.684628000000000014e+00 1.018592319796501888e+00
1.704688999999999899e+00 1.017219765377208374e+00
1.724685000000000024e+00 1.014169129784088019e+00
1.744612999999999969e+00 1.011699655799037867e+00
1.764467000000000008e+00 1.008616029165623873e+00
1.784242000000000106e+00 1.005517661767957094e+00
1.803935999999999984e+00 1.002336026439914152e+00
1.823541999999999996e+00 1.003069551131161363e+00
1.843061999999999978e+00 1.000315920457308438e+00
1.862489000000000061e+00 9.954716480476418772e-01
1.881822000000000106e+00 9.992683790084562201e-01
1.901059999999999972e+00 1.003323104379856279e+00
1.920201000000000047e+00 1.004790489910064588e+00
1.939241999999999910e+00 1.004684453065545879e+00
1.958183000000000007e+00 1.003441158127128530e+00
1.977022999999999975e+00 1.003757111820269943e+00
1.995762000000000036e+00 1.001402665031433825e+00
2.014396000000000075e+00 1.000643169490950779e+00
2.032928000000000068e+00 1.002802962229624395e+00
2.051358000000000015e+00 1.004767719533119719e+00
2.069682999999999939e+00 1.006853073485824535e+00
2.087905999999999818e+00 1.008335888619718457e+00
2.106025999999999954e+00 1.010994980839630575e+00
2.124042000000000208e+00 1.012542231159765604e+00
2.141954999999999831e+00 1.014639325017977933e+00
2.159766999999999992e+00 1.016200429822605500e+00
2.177477999999999803e+00 1.017484445608100474e+00
2.195085999999999871e+00 1.018505041174543102e+00
2.212593000000000032e+00 1.018719491903580687e+00
2.230001000000000122e+00 1.020007960902278521e+00
2.247310000000000141e+00 1.020337581715697439e+00
2.264520999999999784e+00 1.020542047094150861e+00
2.281633999999999940e+00 1.020782628529033342e+00
2.298649999999999860e+00 1.016881964316613152e+00
2.315570000000000128e+00 1.018634090497379407e+00
2.332393999999999856e+00 1.015230044551640676e+00
2.349124000000000212e+00 1.014656969930562980e+00
2.365762000000000143e+00 1.013513770353744681e+00
2.382305999999999813e+00 1.014750242797969770e+00
2.398759999999999781e+00 1.013860743304104695e+00
2.415122000000000213e+00 1.009395265164834132e+00
2.431395000000000195e+00 1.006211615703525464e+00
2.447579999999999867e+00 1.005271132887304519e+00
2.463677000000000117e+00 1.002904144222733107e+00
2.479687000000000197e+00 9.980344551547185583e-01
2.495610999999999802e+00 9.981551798131536035e-01
2.511448999999999820e+00 9.937343900054060875e-01
2.527204999999999924e+00 9.917518619890985931e-01
2.542876999999999832e+00 9.922235086887764011e-01
2.558467999999999964e+00 9.907436515932052101e-01
2.573977999999999877e+00 9.913323178722446283e-01
2.589407000000000014e+00 9.938683638688675659e-01
2.604757000000000211e+00 9.959545230976670771e-01
2.620028000000000024e+00 9.945669272459849442e-01
2.635222999999999871e+00 9.961930378406648190e-01
2.650341000000000058e+00 1.000159768142267591e+00
2.665382999999999836e+00 1.000408369098489736e+00
2.680349999999999788e+00 9.956664927364551332e-01
2.695244000000000195e+00 9.909480640362127168e-01
2.710064000000000028e+00 9.896929221303156776e-01
2.724810999999999872e+00 9.884628830930232146e-01
2.739488999999999841e+00 9.887320141601445567e-01
2.754094999999999960e+00 9.912323850989401830e-01
2.768629999999999924e+00 9.903696544400881763e-01
2.783097999999999850e+00 9.888470556758285346e-01
2.797496999999999900e+00 9.911298066492818526e-01
2.811828999999999912e+00 9.876696872354168155e-01
2.826095000000000024e+00 9.932678448375039659e-01
2.840292999999999957e+00 9.881091945253966946e-01
2.854427999999999965e+00 9.903402573663565578e-01
2.868497000000000074e+00 9.914756053820650283e-01
2.882503999999999955e+00 9.904903769779650480e-01
2.896446000000000076e+00 9.934783074447571805e-01
2.910327000000000108e+00 9.892438968325970583e-01
2.924147000000000052e+00 9.903106981398906994e-01
2.937905000000000211e+00 9.905992700933422546e-01
2.951604000000000116e+00 9.913403331727386192e-01
2.965241999999999933e+00 9.906671298016364036e-01
2.978822000000000081e+00 9.935809508119987088e-01
2.992344000000000115e+00 9.927140614162192067e-01
3.005808000000000035e+00 9.938576581264509935e-01
3.019216000000000122e+00 9.938639156300077548e-01
3.032566000000000095e+00 9.950009655492830785e-01
3.045860999999999930e+00 9.951365017731602647e-01
3.059101000000000070e+00 9.968451856783185905e-01
3.072286000000000072e+00 9.965749393342698825e-01
3.085418000000000216e+00 9.971763571138204663e-01
3.098495000000000221e+00 9.987372799371634358e-01
3.111520000000000064e+00 9.981449943156756044e-01
3.124493000000000187e+00 9.997094481956610990e-01
3.137413000000000007e+00 1.000163998067101767e+00
3.150282999999999944e+00 1.000815354519887457e+00
3.163101999999999858e+00 1.001230664927774905e+00
3.175870000000000193e+00 1.001138190535269645e+00
3.188590000000000035e+00 1.003560418999267956e+00
3.201259999999999994e+00 1.001834564417456441e+00
3.213881000000000210e+00 1.004505085096992767e+00
3.226453999999999933e+00 1.003837761634341019e+00
3.238980000000000192e+00 1.003858343568030165e+00
3.251457999999999959e+00 1.004478181376176060e+00
3.263888999999999818e+00 1.004847352455404463e+00
3.276273999999999909e+00 1.005552963455339510e+00
3.288613999999999926e+00 1.005521136832151496e+00
3.300907000000000036e+00 1.007275130583011435e+00
3.313156000000000212e+00 1.009957647895552313e+00
3.325359999999999872e+00 1.013354699606168641e+00
3.337521000000000182e+00 1.012714016184304455e+00
3.349638000000000115e+00 1.010943316778458945e+00
3.361711000000000116e+00 1.010432871161507373e+00
3.373740999999999879e+00 1.009734287094273597e+00
3.385728999999999989e+00 1.009148181513025655e+00
3.397676000000000140e+00 1.009094748857214396e+00
3.409581000000000195e+00 1.009858180227872326e+00
3.421443000000000012e+00 1.009676245341050160e+00
3.433265000000000011e+00 1.010085494788953486e+00
3.445047000000000192e+00 1.010360441041958879e+00
3.456789000000000112e+00 1.010499611020240440e+00
3.468490000000000073e+00 1.010769172337794952e+00
3.480153000000000052e+00 1.010944047119696210e+00
3.491776999999999909e+00 1.009962139805581582e+00
3.503360999999999947e+00 1.010814289782010489e+00
3.514907000000000004e+00 1.010561821613199962e+00
3.526415000000000077e+00 1.010180981747597517e+00
3.537885000000000169e+00 1.010490936214408775e+00
3.549317999999999973e+00 1.010448376987272301e+00
3.560715000000000074e+00 1.010704470046191572e+00
3.572074000000000193e+00 1.010741395101658835e+00
3.583397000000000165e+00 1.010722664021137529e+00
3.594683999999999990e+00 1.010769816231974261e+00
3.605935000000000112e+00 1.010947041009180980e+00
3.617150000000000087e+00 1.010775827864352383e+00
3.628331000000000195e+00 1.010615640903202772e+00
3.639476999999999851e+00 1.010588777094361568e+00
3.650586999999999804e+00 1.010774741646403907e+00
3.661664000000000030e+00 1.011001032298602942e+00
3.672706999999999944e+00 1.010887664673796316e+00
3.683715999999999990e+00 1.010759424500358827e+00
3.694691000000000169e+00 1.010854517319257795e+00
3.705633000000000177e+00 1.011544830734493416e+00
3.716542000000000012e+00 1.011675985988214510e+00
3.727418999999999816e+00 1.011423593343111271e+00
3.738262999999999892e+00 1.010868481261784746e+00
3.749074999999999935e+00 1.011762072100603316e+00
3.759856000000000087e+00 1.011874211868494466e+00
3.770604000000000067e+00 1.011637692701639502e+00
3.781321000000000154e+00 1.012530982246986344e+00
3.792008000000000045e+00 1.012499922401818520e+00
3.802662999999999904e+00 1.012431283393753212e+00
3.813288000000000011e+00 1.012776101819940822e+00
3.823881999999999781e+00 1.012361126881563544e+00
3.834445999999999799e+00 1.012197907551031673e+00
3.844980000000000064e+00 1.012387102648738324e+00
3.855484999999999829e+00 1.012962872037765250e+00
3.865959999999999841e+00 1.013124191788896900e+00
3.876405999999999796e+00 1.012988712172784522e+00
3.886821999999999999e+00 1.013026516643244612e+00
3.897209999999999841e+00 1.013143596540691194e+00
3.907569000000000070e+00 1.013294522773310780e+00
3.917899999999999938e+00 1.013282157665482464e+00
3.928202999999999889e+00 1.013244572579753866e+00
3.938477999999999923e+00 1.013190044979867865e+00
3.948726000000000180e+00 1.013156827397128090e+00
3.958944999999999936e+00 1.013121912399111313e+00
3.969136000000000220e+00 1.013085437748242557e+00
3.979300999999999977e+00 1.012999586945078745e+00
3.989438999999999957e+00 1.012951682585005564e+00
3.999550000000000161e+00 1.012963888733001916e+00
4.009635000000000282e+00 1.012783153518847401e+00
4.019694000000000322e+00 1.012671307133620635e+00
4.029725000000000001e+00 1.012897315812197441e+00
4.039730999999999739e+00 1.012351052466507140e+00
4.049711000000000283e+00 1.011410576301474462e+00
4.059664999999999857e+00 1.012963254693074688e+00
4.069594999999999629e+00 1.013321447076472648e+00
4.079498000000000069e+00 1.011809435990055128e+00
4.089375999999999678e+00 1.012099562871709102e+00
4.099230000000000373e+00 1.012821814007436982e+00
4.109059000000000239e+00 1.012268778988741902e+00
4.118863000000000163e+00 1.011990299984894204e+00
4.128642000000000145e+00 1.012087533247520543e+00
4.138397999999999577e+00 1.012344904987318772e+00
4.148128999999999955e+00 1.012579155618313465e+00
4.157835999999999643e+00 1.011609285777139045e+00
4.167519999999999669e+00 1.011234991156391150e+00
4.177178999999999753e+00 1.012101540828118873e+00
4.186816000000000315e+00 1.012693541093390381e+00
4.196429000000000187e+00 1.013125301916088628e+00
4.206018000000000256e+00 1.012811999895650183e+00
4.215584999999999916e+00 1.012591651807428939e+00
4.225128999999999913e+00 1.013753637783402439e+00
4.234651000000000387e+00 1.014232808153396004e+00
4.244149000000000171e+00 1.013534562995110688e+00
4.253624000000000294e+00 1.012767352607216287e+00
4.263079000000000285e+00 1.011996086416734997e+00
4.272509999999999586e+00 1.012565202893500382e+00
4.281919000000000253e+00 1.013497573313044686e+00
4.291306999999999761e+00 1.013605835652423570e+00
4.300672999999999746e+00 1.013692117211235644e+00
4.310017000000000209e+00 1.013743130155902561e+00
4.319340000000000401e+00 1.013673972871773632e+00
4.328642000000000323e+00 1.013318442106736050e+00
4.337921999999999834e+00 1.012740464274861640e+00
4.347180999999999962e+00 1.011875967719993996e+00
4.356419999999999959e+00 1.010842629501856882e+00
4.365637000000000434e+00 1.009660027184902109e+00
4.374832999999999750e+00 1.008805673324370877e+00
4.384008999999999823e+00 1.008094829738761300e+00
4.393164999999999765e+00 1.007710857175377894e+00
4.402300000000000324e+00 1.007409919119003350e+00
4.411414999999999864e+00 1.008322969653856926e+00
4.420510000000000161e+00 1.009448363167596785e+00
4.429585000000000328e+00 1.008656021692110549e+00
4.438640999999999615e+00 1.007674584041351018e+00
4.447676000000000407e+00 1.007586215069706581e+00
4.456692000000000320e+00 1.007517043003970381e+00
4.465689000000000242e+00 1.007573878877410012e+00
4.474664999999999893e+00 1.007625123407937862e+00
4.483622999999999692e+00 1.007399315221762182e+00
4.492562000000000388e+00 1.007211335943784425e+00
4.501481000000000066e+00 1.008305556475520337e+00
4.510381999999999891e+00 1.009372164546510575e+00
4.519262999999999586e+00 1.007600483729182761e+00
4.528126000000000317e+00 1.005765926420819190e+00
4.536971000000000309e+00 1.007178110349944200e+00
4.545796000000000170e+00 1.008652959711245689e+00
4.554604000000000319e+00 1.007861154642172519e+00
4.563392999999999589e+00 1.006852291647432951e+00
4.572162999999999755e+00 1.008052265502265010e+00
4.580917000000000350e+00 1.009565950272616419e+00
4.589650999999999925e+00 1.008840622330115844e+00
4.598367999999999789e+00 1.007475571588529073e+00
4.607066999999999801e+00 1.006911749832821945e+00
4.615747999999999962e+00 1.006734083250705236e+00
4.624412000000000411e+00 1.007122574492018030e+00
4.633058000000000121e+00 1.007971486306933784e+00
4.641687000000000118e+00 1.008522375716174757e+00
4.650298000000000265e+00 1.008646773853062228e+00
4.658892999999999951e+00 1.008671052831771942e+00
4.667468999999999646e+00 1.008419065261964898e+00
4.676028999999999769e+00 1.008262013746527908e+00
4.684573000000000320e+00 1.009137229694391902e+00
4.693099000000000132e+00 1.009987880482391409e+00
4.701609000000000371e+00 1.009461613935537017e+00
4.710100999999999871e+00 1.008757717984066549e+00
4.718577999999999939e+00 1.008968284379694769e+00
4.727036000000000016e+00 1.009594631426005806e+00
4.735479999999999912e+00 1.009964159516401949e+00
4.743905999999999956e+00 1.010038891587320631e+00
4.752316999999999680e+00 1.009957003689785138e+00
4.760710999999999693e+00 1.009282982387027738e+00
4.769089000000000134e+00 1.008584462636939572e+00
4.777451000000000114e+00 1.008870777949859354e+00
4.785797999999999774e+00 1.009213829405742668e+00
4.794127999999999723e+00 1.009727440339264870e+00
4.802443000000000239e+00 1.010321135065467946e+00
4.810742000000000296e+00 1.010628407445555155e+00
4.819026000000000032e+00 1.010436581810103762e+00
4.827293000000000056e+00 1.010239799008082917e+00
4.835545999999999900e+00 1.009945801941620758e+00
4.843783000000000172e+00 1.009646927808709238e+00
4.852005000000000123e+00 1.009451220992546139e+00
4.860210999999999615e+00 1.009301262579469505e+00
4.868402999999999814e+00 1.009336454369429203e+00
4.876579000000000441e+00 1.009748897782696275e+00
4.884741000000000000e+00 1.010170804387469978e+00
4.892886999999999986e+00 1.008883640003455540e+00
4.901018999999999792e+00 1.007493789380029980e+00
4.909135000000000026e+00 1.006730787294114693e+00
4.917238000000000220e+00 1.006487408642206871e+00
4.925323999999999813e+00 1.006136037580399600e+00
4.933398000000000394e+00 1.005067885888110135e+00
4.941455999999999626e+00 1.003993447087167645e+00
4.949500999999999706e+00 1.003579757650025384e+00
4.957529000000000075e+00 1.003467559230519113e+00
4.965544999999999654e+00 1.003875495097473314e+00
4.973545999999999800e+00 1.006026455961532395e+00
4.981532999999999767e+00 1.008034846851910249e+00
4.989506000000000441e+00 1.006610397642920596e+00
4.997465000000000046e+00 1.003851292114611882e+00
5.005409000000000219e+00 1.001473431702761596e+00
5.013340000000000352e+00 1.000866317398006355e+00
5.021258000000000443e+00 1.000238089065210501e+00
5.029161000000000215e+00 1.000337038206829954e+00
5.037050999999999945e+00 1.000727220397170880e+00
5.044926000000000244e+00 1.000949575885437204e+00
5.052788999999999753e+00 1.000368832830158539e+00
5.060637999999999970e+00 9.997801550134015613e-01
5.068473000000000006e+00 9.994567083863862278e-01
5.076296000000000141e+00 9.993168305088123704e-01
5.084103999999999957e+00 9.991752815383692088e-01
5.091899999999999871e+00 1.000963093367993384e+00
5.099681999999999604e+00 1.002719729928646109e+00
5.107451000000000185e+00 1.003186946696821069e+00
5.115206999999999837e+00 1.001644977304228190e+00
5.122949000000000197e+00 1.000069741990324168e+00
5.130679999999999907e+00 1.000994441551370739e+00
5.138397000000000325e+00 1.002719094923407273e+00
5.146100999999999814e+00 1.004230008886477288e+00
5.153793000000000291e+00 1.003963060711888122e+00
5.161470999999999698e+00 1.003684841924036508e+00
5.169137000000000093e+00 1.003959074462798862e+00
5.176789999999999559e+00 1.004978573623955596e+00
5.184431000000000012e+00 1.005951939835460163e+00
5.192059999999999675e+00 1.005586756135872006e+00
5.199675000000000047e+00 1.004664894629929695e+00
5.207278999999999769e+00 1.003693748935528429e+00
5.214869000000000199e+00 1.004105508521485612e+00
5.222447999999999979e+00 1.004515880358092472e+00
5.230014999999999858e+00 1.004631728870775120e+00
5.237567999999999557e+00 1.003854079305204428e+00
5.245110999999999635e+00 1.003050750359387067e+00
5.252640999999999671e+00 1.002691076561688321e+00
5.260157999999999667e+00 1.002847401384390214e+00
5.267663999999999902e+00 1.003002843944390987e+00
5.275158000000000236e+00 1.003070415885343847e+00
5.282639999999999780e+00 1.003096837754445136e+00
5.290110999999999564e+00 1.003123580929816461e+00
5.297569000000000194e+00 1.003159515509301603e+00
