6.988050000000000095e-01 7.383223734681946260e-01
7.054350000000000342e-01 8.135593661649752617e-01
7.122249999999999970e-01 7.934396410180907244e-01
7.191800000000000415e-01 8.097319233191366816e-01
7.263169999999999904e-01 8.316384628362760711e-01
7.336439999999999628e-01 8.488849559679835233e-01
7.411480000000000290e-01 8.417612935794089868e-01
7.488550000000000484e-01 8.281950815598519977e-01
7.567639999999999922e-01 8.198675426693777801e-01
7.648749999999999716e-01 7.388401707318459355e-01
7.732109999999999816e-01 7.549017072823089869e-01
7.817619999999999569e-01 8.333450519384978383e-01
7.905440000000000245e-01 8.398539092185477450e-01
7.995679999999999454e-01 8.492885617025569545e-01
8.088269999999999627e-01 8.687826699810844433e-01
8.183420000000000138e-01 8.756114591298109762e-01
8.281209999999999960e-01 8.792972343050121653e-01
8.381629999999999914e-01 8.826810794152891715e-01
8.484770000000000367e-01 8.643167458362169819e-01
8.590719999999999468e-01 8.774564871208883066e-01
8.699550000000000338e-01 8.661567330157978750e-01
8.811350000000000016e-01 8.803585023257888276e-01
8.926159999999999650e-01 8.855388708578172396e-01
9.044060000000000432e-01 8.808986037892502230e-01
9.165079999999999893e-01 9.025211115726711197e-01
9.289260000000000295e-01 9.010370319738160161e-01
9.416799999999999615e-01 9.022914526835169591e-01
9.547579999999999956e-01 9.132380192841054178e-01
9.681659999999999711e-01 9.155672040219496877e-01
9.819160000000000110e-01 9.065269508157508538e-01
9.959980000000000500e-01 8.793605163937462388e-01
1.010421999999999931e+00 8.903337268956246220e-01
1.025187000000000070e+00 8.976453160249842078e-01
1.040286000000000044e+00 9.048433340085834109e-01
1.055719999999999992e+00 9.141398786210873650e-01
1.071490000000000054e+00 9.129535223384838138e-01
1.087587999999999999e+00 9.230942242925536112e-01
1.104006999999999961e+00 9.212657254701420717e-01
1.120740000000000069e+00 9.241016634820450326e-01
1.137777999999999956e+00 9.184764177350668302e-01
1.155116000000000032e+00 9.320121672606933583e-01
1.172739999999999894e+00 9.143541411234095140e-01
1.190638000000000085e+00 9.332327860474997072e-01
1.208795999999999982e+00 9.325467030149202641e-01
1.227203999999999962e+00 9.365910966762984735e-01
1.245846000000000009e+00 9.272874468139953308e-01
1.264704999999999968e+00 9.369919443944316750e-01
1.283770000000000078e+00 9.394206578016226494e-01
1.303020000000000067e+00 9.382266492851348838e-01
1.322446000000000010e+00 9.376891576346920720e-01
1.342024000000000106e+00 9.111244399372961933e-01
1.361742999999999926e+00 9.092213148443109016e-01
1.381585000000000063e+00 9.153572611871764186e-01
1.401534999999999975e+00 9.097623279551189102e-01
1.421578999999999926e+00 9.054646167256290568e-01
1.441699999999999982e+00 9.086454602157032490e-01
1.461883999999999961e+00 9.156217089723376334e-01
1.482118000000000047e+00 9.192394386543260021e-01
1.502388999999999974e+00 9.237604428315929761e-01
1.522683000000000009e+00 9.289414756163881792e-01
1.542990000000000084e+00 9.332956394589174698e-01
1.563298000000000076e+00 9.379271295535187569e-01
1.583596000000000004e+00 9.414690294030699791e-01
1.603874999999999940e+00 9.437669263995950297e-01
1.624125999999999959e+00 9.455697683053865266e-01
1.644339999999999913e+00 9.464387678744906607e-01
1.664509999999999934e+00 9.469455186311716011e-01
1.684628000000000014e+00 9.476627370715275944e-01
1.704688999999999899e+00 9.458809350701612439e-01
1.724685000000000024e+00 9.406760436503855960e-01
1.744612999999999969e+00 9.342139867397660780e-01
1.764467000000000008e+00 9.285067282374744879e-01
1.784242000000000106e+00 9.218217660630687593e-01
1.803935999999999984e+00 9.173092406940812626e-01
1.823541999999999996e+00 9.185921813126148860e-01
1.843061999999999978e+00 9.152901550866940905e-01
1.862489000000000061e+00 9.080910507727316672e-01
1.881822000000000106e+00 9.166651313518388022e-01
1.901059999999999972e+00 9.231924649652402115e-01
1.920201000000000047e+00 9.246973222658059210e-01
1.939241999999999910e+00 9.209151896321651209e-01
1.958183000000000007e+00 9.170511864191310814e-01
1.977022999999999975e+00 9.209863968819572699e-01
1.995762000000000036e+00 9.207649639717943035e-01
2.014396000000000075e+00 9.229838476810237058e-01
2.032928000000000068e+00 9.280880066046947041e-01
2.051358000000000015e+00 9.338794515591833933e-01
2.069682999999999939e+00 9.388261808030528011e-01
2.087905999999999818e+00 9.421634351738202851e-01
2.106025999999999954e+00 9.461384807215296178e-01
2.124042000000000208e+00 9.483373583196564871e-01
2.141954999999999831e+00 9.507123880508228098e-01
2.159766999999999992e+00 9.516126590689298892e-01
2.177477999999999803e+00 9.522724416763279631e-01
2.195085999999999871e+00 9.520289106007892022e-01
2.212593000000000032e+00 9.521875849118359714e-01
2.230001000000000122e+00 9.512385872973917467e-01
2.247310000000000141e+00 9.503819494926392109e-01
2.264520999999999784e+00 9.499257626340531502e-01
2.281633999999999940e+00 9.494719220704826990e-01
2.298649999999999860e+00 9.403204144959190769e-01
2.315570000000000128e+00 9.410829442050990812e-01
2.332393999999999856e+00 9.408161400168846278e-01
2.349124000000000212e+00 9.393480231699204985e-01
2.365762000000000143e+00 9.371253825583970576e-01
2.382305999999999813e+00 9.386694916940276912e-01
2.398759999999999781e+00 9.382391930186989581e-01
2.415122000000000213e+00 9.348200471403422807e-01
2.431395000000000195e+00 9.304561185829525183e-01
2.447579999999999867e+00 9.262498504026381863e-01
2.463677000000000117e+00 9.248281789294966471e-01
2.479687000000000197e+00 9.166864487032720943e-01
2.495610999999999802e+00 9.172795865415359629e-01
2.511448999999999820e+00 9.092703090694607138e-01
2.527204999999999924e+00 9.058940930828854876e-01
2.542876999999999832e+00 9.051376902340078079e-01
2.558467999999999964e+00 9.057076782869259990e-01
2.573977999999999877e+00 9.067435735721385281e-01
2.589407000000000014e+00 9.086285725553727710e-01
2.604757000000000211e+00 9.133001832661251651e-01
2.620028000000000024e+00 9.141640575799725443e-01
2.635222999999999871e+00 9.158851924715283310e-01
2.650341000000000058e+00 9.207488931431225820e-01
2.665382999999999836e+00 9.179730636382711362e-01
2.680349999999999788e+00 9.071737895993081668e-01
2.695244000000000195e+00 9.037473595146842120e-01
2.710064000000000028e+00 9.027866783454834287e-01
2.724810999999999872e+00 9.050539767392469237e-01
2.739488999999999841e+00 9.056839296564908048e-01
2.754094999999999960e+00 9.105735239102334955e-01
2.768629999999999924e+00 9.085704875559926785e-01
2.783097999999999850e+00 9.052998864533586820e-01
2.797496999999999900e+00 9.107877742333091442e-01
2.811828999999999912e+00 9.067118233906372726e-01
2.826095000000000024e+00 9.158429128800297248e-01
2.840292999999999957e+00 9.072806265315496166e-01
2.854427999999999965e+00 9.109875861413812004e-01
2.868497000000000074e+00 9.124407220417984909e-01
2.882503999999999955e+00 9.117135529207869293e-01
2.896446000000000076e+00 9.145935742643669375e-01
2.910327000000000108e+00 9.129469041147116881e-01
2.924147000000000052e+00 9.147153747207247276e-01
2.937905000000000211e+00 9.157478629385418234e-01
2.951604000000000116e+00 9.164237715609531154e-01
2.965241999999999933e+00 9.165144917280995118e-01
2.978822000000000081e+00 9.202839289135846812e-01
2.992344000000000115e+00 9.207385255362595666e-01
3.005808000000000035e+00 9.228225862472058116e-01
3.019216000000000122e+00 9.238533641235272542e-01
3.032566000000000095e+00 9.256758395904537418e-01
3.045860999999999930e+00 9.257311219286720183e-01
3.059101000000000070e+00 9.286121975106133020e-01
3.072286000000000072e+00 9.295578637603716388e-01
3.085418000000000216e+00 9.305056143809863345e-01
3.098495000000000221e+00 9.341222400211550703e-01
3.111520000000000064e+00 9.325395167973642430e-01
3.124493000000000187e+00 9.367149901792364286e-01
3.137413000000000007e+00 9.363855350026603075e-01
3.150282999999999944e+00 9.378946954589076901e-01
3.163101999999999858e+00 9.389669802411971800e-01
3.175870000000000193e+00 9.389404194404852300e-01
3.188590000000000035e+00 9.431776669162309501e-01
3.201259999999999994e+00 9.392138700711439858e-01
3.213881000000000210e+00 9.443299746049110821e-01
3.226453999999999933e+00 9.449618762922337156e-01
3.238980000000000192e+00 9.444558707992442015e-01
3.251457999999999959e+00 9.482766120682594169e-01
3.263888999999999818e+00 9.482101400222739951e-01
3.276273999999999909e+00 9.478494022415905329e-01
3.288613999999999926e+00 9.494607265945267383e-01
3.300907000000000036e+00 9.493843045486057841e-01
3.313156000000000212e+00 9.499775848447037374e-01
3.325359999999999872e+00 9.526196863685915117e-01
3.337521000000000182e+00 9.516817509406635400e-01
3.349638000000000115e+00 9.507016392738480981e-01
3.361711000000000116e+00 9.524867370201912653e-01
3.373740999999999879e+00 9.536011390583620795e-01
3.385728999999999989e+00 9.525638578045330096e-01
3.397676000000000140e+00 9.537521331436090710e-01
3.409581000000000195e+00 9.532917793801846118e-01
3.421443000000000012e+00 9.539138716672549423e-01
3.433265000000000011e+00 9.548638951068771918e-01
3.445047000000000192e+00 9.550966996127238096e-01
3.456789000000000112e+00 9.555295477360361556e-01
3.468490000000000073e+00 9.565965453318850953e-01
3.480153000000000052e+00 9.565139446052701722e-01
3.491776999999999909e+00 9.545315397571573213e-01
3.503360999999999947e+00 9.579518499030723611e-01
3.514907000000000004e+00 9.583518765251293203e-01
3.526415000000000077e+00 9.578281066892897488e-01
3.537885000000000169e+00 9.585614759387163231e-01
3.549317999999999973e+00 9.588878034997329047e-01
3.560715000000000074e+00 9.592061663865041332e-01
3.572074000000000193e+00 9.594966151306475455e-01
3.583397000000000165e+00 9.603150351315199451e-01
3.594683999999999990e+00 9.614447318732286529e-01
3.605935000000000112e+00 9.614849668711566988e-01
3.617150000000000087e+00 9.613701968969610157e-01
3.628331000000000195e+00 9.617487442811492038e-01
3.639476999999999851e+00 9.623768984367521151e-01
3.650586999999999804e+00 9.629322838327554201e-01
3.661664000000000030e+00 9.632047831906448421e-01
3.672706999999999944e+00 9.630811832661789751e-01
3.683715999999999990e+00 9.631859647834871696e-01
3.694691000000000169e+00 9.639152598564013630e-01
3.705633000000000177e+00 9.648893351082148406e-01
3.716542000000000012e+00 9.656933536887677416e-01
3.727418999999999816e+00 9.656267782370917541e-01
3.738262999999999892e+00 9.639163031520452396e-01
3.749074999999999935e+00 9.656570287394562468e-01
3.759856000000000087e+00 9.662356547962245301e-01
3.770604000000000067e+00 9.661314966518177449e-01
3.781321000000000154e+00 9.670814391166321355e-01
3.792008000000000045e+00 9.673033358026313921e-01
3.802662999999999904e+00 9.672325194061804909e-01
3.813288000000000011e+00 9.670052356238606484e-01
3.823881999999999781e+00 9.666767176186195076e-01
3.834445999999999799e+00 9.669245202029060904e-01
3.844980000000000064e+00 9.677740053103761619e-01
3.855484999999999829e+00 9.682721813877213091e-01
3.865959999999999841e+00 9.684258729283449219e-01
3.876405999999999796e+00 9.683138083202756929e-01
3.886821999999999999e+00 9.681530315140586263e-01
3.897209999999999841e+00 9.682360342396671982e-01
3.907569000000000070e+00 9.684852189033769099e-01
3.917899999999999938e+00 9.687686602533918112e-01
3.928202999999999889e+00 9.686877786541473467e-01
3.938477999999999923e+00 9.683722259431846169e-01
3.948726000000000180e+00 9.684299503987633395e-01
3.958944999999999936e+00 9.681641059734790167e-01
3.969136000000000220e+00 9.675969739206016218e-01
3.979300999999999977e+00 9.674963658436618319e-01
3.989438999999999957e+00 9.670472713264592901e-01
3.999550000000000161e+00 9.660767966190514366e-01
4.009635000000000282e+00 9.656357491031033469e-01
4.019694000000000322e+00 9.652863923070090779e-01
4.029725000000000001e+00 9.648988819741770584e-01
4.039730999999999739e+00 9.637874908203061253e-01
4.049711000000000283e+00 9.622901079879767616e-01
4.059664999999999857e+00 9.631578446117994297e-01
4.069594999999999629e+00 9.626622693773685402e-01
4.079498000000000069e+00 9.599863242496441407e-01
4.089375999999999678e+00 9.601010795849320711e-01
4.099230000000000373e+00 9.609508139318833075e-01
4.109059000000000239e+00 9.603041330850090596e-01
4.118863000000000163e+00 9.593282043353509314e-01
4.128642000000000145e+00 9.579185357359532027e-01
4.138397999999999577e+00 9.585816818503607450e-01
4.148128999999999955e+00 9.596990378801943944e-01
4.157835999999999643e+00 9.571480673576145959e-01
4.167519999999999669e+00 9.556785535658151032e-01
4.177178999999999753e+00 9.565570008342130226e-01
4.186816000000000315e+00 9.571967444750382192e-01
4.196429000000000187e+00 9.576983724752310412e-01
4.206018000000000256e+00 9.559741998309607691e-01
4.215584999999999916e+00 9.543375624755494613e-01
4.225128999999999913e+00 9.558356053057086577e-01
4.234651000000000387e+00 9.557219399191784204e-01
4.244149000000000171e+00 9.526722966837910533e-01
4.253624000000000294e+00 9.518853417027615116e-01
4.263079000000000285e+00 9.528818200923495629e-01
4.272509999999999586e+00 9.531939415744257182e-01
4.281919000000000253e+00 9.533193356741742619e-01
4.291306999999999761e+00 9.527005365469416454e-01
4.300672999999999746e+00 9.518743019932698335e-01
4.310017000000000209e+00 9.502269355469705747e-01
4.319340000000000401e+00 9.486472824881028165e-01
4.328642000000000323e+00 9.472650851569220931e-01
4.337921999999999834e+00 9.461652124863261237e-01
4.347180999999999962e+00 9.454451429263123208e-01
4.356419999999999959e+00 9.444532973124177833e-01
4.365637000000000434e+00 9.432317251516684209e-01
4.374832999999999750e+00 9.416727366403049304e-01
4.384008999999999823e+00 9.399263695680464270e-01
4.393164999999999765e+00 9.384377911429951924e-01
4.402300000000000324e+00 9.369804534747364633e-01
4.411414999999999864e+00 9.371031205343757220e-01
4.420510000000000161e+00 9.374821555813109830e-01
4.429585000000000328e+00 9.354620067189597377e-01
4.438640999999999615e+00 9.331612159017989017e-01
4.447676000000000407e+00 9.325989882653838992e-01
4.456692000000000320e+00 9.320605476201085926e-01
4.465689000000000242e+00 9.309982858689567209e-01
4.474664999999999893e+00 9.299149702988479538e-01
4.483622999999999692e+00 9.297988344011693940e-01
4.492562000000000388e+00 9.296804864698177129e-01
4.501481000000000066e+00 9.295115683747731117e-01
4.510381999999999891e+00 9.293350968218072605e-01
4.519262999999999586e+00 9.286535836081573070e-01
4.528126000000000317e+00 9.279464116287040598e-01
4.536971000000000309e+00 9.285072660358861807e-01
4.545796000000000170e+00 9.290916029415076105e-01
4.554604000000000319e+00 9.278046553462653279e-01
4.563392999999999589e+00 9.263109240570465142e-01
4.572162999999999755e+00 9.275660822605027445e-01
4.580917000000000350e+00 9.292202334133050634e-01
4.589650999999999925e+00 9.302314285930455284e-01
4.598367999999999789e+00 9.310744968225366236e-01
4.607066999999999801e+00 9.311709312235780800e-01
4.615747999999999962e+00 9.309032599133510999e-01
4.624412000000000411e+00 9.311393260964875296e-01
4.633058000000000121e+00 9.317847074398486473e-01
4.641687000000000118e+00 9.331651867912247322e-01
4.650298000000000265e+00 9.355154525246536235e-01
4.658892999999999951e+00 9.370773757787198566e-01
4.667468999999999646e+00 9.365722827651413729e-01
4.676028999999999769e+00 9.362123470590476559e-01
4.684573000000000320e+00 9.374715174754334468e-01
4.693099000000000132e+00 9.386964965589514875e-01
4.701609000000000371e+00 9.377728032299222916e-01
4.710100999999999871e+00 9.365692955369190331e-01
4.718577999999999939e+00 9.363976432119788251e-01
4.727036000000000016e+00 9.367018049063826624e-01
4.735479999999999912e+00 9.364087953146086329e-01
4.743905999999999956e+00 9.354073881394976420e-01
4.752316999999999680e+00 9.345576436109674923e-01
4.760710999999999693e+00 9.343200278752957777e-01
4.769089000000000134e+00 9.340735682037023535e-01
4.777451000000000114e+00 9.338277344068076635e-01
4.785797999999999774e+00 9.335800737587051090e-01
4.794127999999999723e+00 9.345580501231206538e-01
4.802443000000000239e+00 9.361449069655000121e-01
4.810742000000000296e+00 9.372678732634516230e-01
4.819026000000000032e+00 9.375893476143434269e-01
4.827293000000000056e+00 9.378719551291706535e-01
4.835545999999999900e+00 9.371108731060973085e-01
4.843783000000000172e+00 9.363379775133437999e-01
4.852005000000000123e+00 9.367456801996633109e-01
4.860210999999999615e+00 9.376794902244748320e-01
4.868402999999999814e+00 9.380863790856379669e-01
4.876579000000000441e+00 9.374190757708134036e-01
4.884741000000000000e+00 9.367380058637828633e-01
4.892886999999999986e+00 9.364637200534717820e-01
4.901018999999999792e+00 9.362068417508526696e-01
4.909135000000000026e+00 9.353081222895592850e-01
4.917238000000000220e+00 9.338708570995616354e-01
4.925323999999999813e+00 9.327473292439443231e-01
4.933398000000000394e+00 9.338979373270419604e-01
4.941455999999999626e+00 9.350606643641252713e-01
4.949500999999999706e+00 9.345566300916251512e-01
4.957529000000000075e+00 9.332384879512701792e-01
4.965544999999999654e+00 9.331316209579600951e-01
4.973545999999999800e+00 9.372736695056483880e-01
4.981532999999999767e+00 9.411583474380252889e-01
4.989506000000000441e+00 9.402517553246320103e-01
4.997465000000000046e+00 9.375571005737738384e-01
5.005409000000000219e+00 9.350460271790828060e-01
5.013340000000000352e+00 9.336271593596767726e-01
5.021258000000000443e+00 9.321616679180257936e-01
5.029161000000000215e+00 9.333077571789474280e-01
5.037050999999999945e+00 9.354701690666645808e-01
5.044926000000000244e+00 9.373250341168285482e-01
5.052788999999999753e+00 9.379814528262260254e-01
5.060637999999999970e+00 9.386485591933597661e-01
5.068473000000000006e+00 9.380150984808497405e-01
5.076296000000000141e+00 9.364455725981731815e-01
5.084103999999999957e+00 9.348377290220237779e-01
5.091899999999999871e+00 9.366504488143378993e-01
5.099681999999999604e+00 9.384320870551817739e-01
5.107451000000000185e+00 9.392516774075514441e-01
5.115206999999999837e+00 9.385882127270829267e-01
5.122949000000000197e+00 9.379092937639830208e-01
5.130679999999999907e+00 9.384312906519908237e-01
5.138397000000000325e+00 9.393353437111847670e-01
5.146100999999999814e+00 9.400563890530363453e-01
5.153793000000000291e+00 9.391879247566904398e-01
5.161470999999999698e+00 9.382840095206217423e-01
5.169137000000000093e+00 9.388877989000798951e-01
5.176789999999999559e+00 9.415423698833591537e-01
5.184431000000000012e+00 9.440858027855550949e-01
5.192059999999999675e+00 9.433378747872136483e-01
5.199675000000000047e+00 9.412320025100897602e-01
5.207278999999999769e+00 9.390195374639106474e-01
5.214869000000000199e+00 9.408934383480558328e-01
5.222447999999999979e+00 9.427494788936979786e-01
5.230014999999999858e+00 9.439590470420334833e-01
5.237567999999999557e+00 9.432888429556609555e-01
5.245110999999999635e+00 9.425964172723723111e-01
5.252640999999999671e+00 9.422469835630393753e-01
5.260157999999999667e+00 9.422988428575361786e-01
5.267663999999999902e+00 9.423503990988881807e-01
5.275158000000000236e+00 9.424652570564918674e-01
5.282639999999999780e+00 9.426117339479804791e-01
5.290110999999999564e+00 9.427600305994910945e-01
5.297569000000000194e+00 9.432423460166841078e-01
