6.988050000000000095e-01 9.549554495018524047e-01
7.054350000000000342e-01 9.727794592779971383e-01
7.122249999999999970e-01 9.678623088481186354e-01
7.191800000000000415e-01 9.715897259647802153e-01
7.263169999999999904e-01 9.762920733859562494e-01
7.336439999999999628e-01 9.799977157067046862e-01
7.411480000000000290e-01 9.788218440193655612e-01
7.488550000000000484e-01 9.762774902099117247e-01
7.567639999999999922e-01 9.747526407303594986e-01
7.648749999999999716e-01 9.569724962191130668e-01
7.732109999999999816e-01 9.606774831824752559e-01
7.817619999999999569e-01 9.771517052631704114e-01
7.905440000000000245e-01 9.780187566430000867e-01
7.995679999999999454e-01 9.799078576369276705e-01
8.088269999999999627e-01 9.835907972779285302e-01
8.183420000000000138e-01 9.845945179909253442e-01
8.281209999999999960e-01 9.852467957555056666e-01
8.381629999999999914e-01 9.857125506888219091e-01
8.484770000000000367e-01 9.819886820515573156e-01
8.590719999999999468e-01 9.845533711975168467e-01
8.699550000000000338e-01 9.830054939202576003e-01
8.811350000000000016e-01 9.854968945969148075e-01
8.926159999999999650e-01 9.863061607586658397e-01
9.044060000000000432e-01 9.852833800692631927e-01
9.165079999999999893e-01 9.889675220950107093e-01
9.289260000000000295e-01 9.887130230820667665e-01
9.416799999999999615e-01 9.888277125132298728e-01
9.547579999999999956e-01 9.905910318786371738e-01
9.681659999999999711e-01 9.908607334027909053e-01
9.819160000000000110e-01 9.893982297967872652e-01
9.959980000000000500e-01 9.851186114683889716e-01
1.010421999999999931e+00 9.869756162515709308e-01
1.025187000000000070e+00 9.881711372109288627e-01
1.040286000000000044e+00 9.893016182000657910e-01
1.055719999999999992e+00 9.907123436815254980e-01
1.071490000000000054e+00 9.904681904130506753e-01
1.087587999999999999e+00 9.919002631411399928e-01
1.104006999999999961e+00 9.916112864819779382e-01
1.120740000000000069e+00 9.919953179057553472e-01
1.137777999999999956e+00 9.910439116616375221e-01
1.155116000000000032e+00 9.931502102033775703e-01
1.172739999999999894e+00 9.905024758509048954e-01
1.190638000000000085e+00 9.932645492431374512e-01
1.208795999999999982e+00 9.931968210312352996e-01
1.227203999999999962e+00 9.937471061081883938e-01
1.245846000000000009e+00 9.923708677596497774e-01
1.264704999999999968e+00 9.937272781166561764e-01
1.283770000000000078e+00 9.940770015399339465e-01
1.303020000000000067e+00 9.938892189677316358e-01
1.322446000000000010e+00 9.938065361130158371e-01
1.342024000000000106e+00 9.901203893726153726e-01
1.361742999999999926e+00 9.898444654575340174e-01
1.381585000000000063e+00 9.907150920115953552e-01
1.401534999999999975e+00 9.898659444064495938e-01
1.421578999999999926e+00 9.891897984942719102e-01
1.441699999999999982e+00 9.896386287084024680e-01
1.461883999999999961e+00 9.905934381664277533e-01
1.482118000000000047e+00 9.910576577556661215e-01
1.502388999999999974e+00 9.916881038517274538e-01
1.522683000000000009e+00 9.923731096528348727e-01
1.542990000000000084e+00 9.929332006573993175e-01
1.563298000000000076e+00 9.935596063382382548e-01
1.583596000000000004e+00 9.940412126845135088e-01
1.603874999999999940e+00 9.943530639022549744e-01
1.624125999999999959e+00 9.946106246443193744e-01
1.644339999999999913e+00 9.947489102836719610e-01
1.664509999999999934e+00 9.948383614602576142e-01
1.684628000000000014e+00 9.949419129773031667e-01
1.704688999999999899e+00 9.946931992551205637e-01
1.724685000000000024e+00 9.939940638252379168e-01
1.744612999999999969e+00 9.931611827143932425e-01
1.764467000000000008e+00 9.923876363679300372e-01
1.784242000000000106e+00 9.914889958380453949e-01
1.803935999999999984e+00 9.908397159010307043e-01
1.823541999999999996e+00 9.910190789027072400e-01
1.843061999999999978e+00 9.905273705268554663e-01
1.862489000000000061e+00 9.894847647456099793e-01
1.881822000000000106e+00 9.906582663966619906e-01
1.901059999999999972e+00 9.915790610097707791e-01
1.920201000000000047e+00 9.918077639228387588e-01
1.939241999999999910e+00 9.913524544859154686e-01
1.958183000000000007e+00 9.908457584781964478e-01
1.977022999999999975e+00 9.913298275257254044e-01
1.995762000000000036e+00 9.912239166833761717e-01
2.014396000000000075e+00 9.914636694349289181e-01
2.032928000000000068e+00 9.921430160846516078e-01
2.051358000000000015e+00 9.928901888475677451e-01
2.069682999999999939e+00 9.935360793216254649e-01
2.087905999999999818e+00 9.939712574258539046e-01
2.106025999999999954e+00 9.945161762633867308e-01
2.124042000000000208e+00 9.948185615809436166e-01
2.141954999999999831e+00 9.951580292658435134e-01
2.159766999999999992e+00 9.953117035973461091e-01
2.177477999999999803e+00 9.954287527096832289e-01
2.195085999999999871e+00 9.954348676484716663e-01
2.212593000000000032e+00 9.954598729333037355e-01
2.230001000000000122e+00 9.953948429934138531e-01
2.247310000000000141e+00 9.953085479458061435e-01
2.264520999999999784e+00 9.952634737465481107e-01
2.281633999999999940e+00 9.952198016928232027e-01
2.298649999999999860e+00 9.940425942264832226e-01
2.315570000000000128e+00 9.941883327116287639e-01
2.332393999999999856e+00 9.940453517663300209e-01
2.349124000000000212e+00 9.938566211401482775e-01
2.365762000000000143e+00 9.935608478779290875e-01
2.382305999999999813e+00 9.937810799944134521e-01
2.398759999999999781e+00 9.937017256829649980e-01
2.415122000000000213e+00 9.931552432070843706e-01
2.431395000000000195e+00 9.925370842167089425e-01
2.447579999999999867e+00 9.920083999603617197e-01
2.463677000000000117e+00 9.917598415700658032e-01
2.479687000000000197e+00 9.906189728024984431e-01
2.495610999999999802e+00 9.906946887138177171e-01
2.511448999999999820e+00 9.895701347690707417e-01
2.527204999999999924e+00 9.890872257168838999e-01
2.542876999999999832e+00 9.890100420273006954e-01
2.558467999999999964e+00 9.890296209543449901e-01
2.573977999999999877e+00 9.891774992353915552e-01
2.589407000000000014e+00 9.894960355219789561e-01
2.604757000000000211e+00 9.901377951139074263e-01
2.620028000000000024e+00 9.901953783200778680e-01
2.635222999999999871e+00 9.904594431151718670e-01
2.650341000000000058e+00 9.911799480749886593e-01
2.665382999999999836e+00 9.908546999381735443e-01
2.680349999999999788e+00 9.893786375822898327e-01
2.695244000000000195e+00 9.887943551553634025e-01
2.710064000000000028e+00 9.886321423683402942e-01
2.724810999999999872e+00 9.888703931831792637e-01
2.739488999999999841e+00 9.889574289308592503e-01
2.754094999999999960e+00 9.896438197958082883e-01
2.768629999999999924e+00 9.893689170087198725e-01
2.783097999999999850e+00 9.889140088389796190e-01
2.797496999999999900e+00 9.896664681058064961e-01
2.811828999999999912e+00 9.890473918927852326e-01
2.826095000000000024e+00 9.903543344224886580e-01
2.840292999999999957e+00 9.891325596614950477e-01
2.854427999999999965e+00 9.896637011299906916e-01
2.868497000000000074e+00 9.898799282286335766e-01
2.882503999999999955e+00 9.897574400810689177e-01
2.896446000000000076e+00 9.902102350352088855e-01
2.910327000000000108e+00 9.898646423675144801e-01
2.924147000000000052e+00 9.901161541203001848e-01
2.937905000000000211e+00 9.902511189832364780e-01
2.951604000000000116e+00 9.903583488764886589e-01
2.965241999999999933e+00 9.903461244730378255e-01
2.978822000000000081e+00 9.908999835200916761e-01
2.992344000000000115e+00 9.909247208214275737e-01
3.005808000000000035e+00 9.912132016352548369e-01
3.019216000000000122e+00 9.913363172227908082e-01
3.032566000000000095e+00 9.915920011633422293e-01
3.045860999999999930e+00 9.916032042852712669e-01
3.059101000000000070e+00 9.920026732350892829e-01
3.072286000000000072e+00 9.921049787340401327e-01
3.085418000000000216e+00 9.922371042173350197e-01
3.098495000000000221e+00 9.927143180653632548e-01
3.111520000000000064e+00 9.925089428742291942e-01
3.124493000000000187e+00 9.930495985365564993e-01
3.137413000000000007e+00 9.930267403386475733e-01
3.150282999999999944e+00 9.932242022464340403e-01
3.163101999999999858e+00 9.933625780737942446e-01
3.175870000000000193e+00 9.933563636415466691e-01
3.188590000000000035e+00 9.939271359191843569e-01
3.201259999999999994e+00 9.934116439554134814e-01
3.213881000000000210e+00 9.940913011514241893e-01
3.226453999999999933e+00 9.941411436053126938e-01
3.238980000000000192e+00 9.940838762604765622e-01
3.251457999999999959e+00 9.945411472958795018e-01
3.263888999999999818e+00 9.945460578584834899e-01
3.276273999999999909e+00 9.945288069050217672e-01
3.288613999999999926e+00 9.947109663316945349e-01
3.300907000000000036e+00 9.947613769388250482e-01
3.313156000000000212e+00 9.949187175709789388e-01
3.325359999999999872e+00 9.953311458552592805e-01
3.337521000000000182e+00 9.952038071373761063e-01
3.349638000000000115e+00 9.950337767345082129e-01
3.361711000000000116e+00 9.952186604893571431e-01
3.373740999999999879e+00 9.953209976267657355e-01
3.385728999999999989e+00 9.951843405350846439e-01
3.397676000000000140e+00 9.953165701469137705e-01
3.409581000000000195e+00 9.952902736287762009e-01
3.421443000000000012e+00 9.953542866926714527e-01
3.433265000000000011e+00 9.954749065040164879e-01
3.445047000000000192e+00 9.955102828267365922e-01
3.456789000000000112e+00 9.955635688816586448e-01
3.468490000000000073e+00 9.956922939004466677e-01
3.480153000000000052e+00 9.956888860826077492e-01
3.491776999999999909e+00 9.954333949399776227e-01
3.503360999999999947e+00 9.958455104818186854e-01
3.514907000000000004e+00 9.958817618715651854e-01
3.526415000000000077e+00 9.958104666388551962e-01
3.537885000000000169e+00 9.959027973815252066e-01
3.549317999999999973e+00 9.959378000382456131e-01
3.560715000000000074e+00 9.959818953199016667e-01
3.572074000000000193e+00 9.960155175897704716e-01
3.583397000000000165e+00 9.961060523378680864e-01
3.594683999999999990e+00 9.962332386718615318e-01
3.605935000000000112e+00 9.962436431373604684e-01
3.617150000000000087e+00 9.962251608745320564e-01
3.628331000000000195e+00 9.962618301075976124e-01
3.639476999999999851e+00 9.963306180738797924e-01
3.650586999999999804e+00 9.963983981561900238e-01
3.661664000000000030e+00 9.964361551472586953e-01
3.672706999999999944e+00 9.964186721802279489e-01
3.683715999999999990e+00 9.964259769148128276e-01
3.694691000000000169e+00 9.965098507176604059e-01
3.705633000000000177e+00 9.966405728892866467e-01
3.716542000000000012e+00 9.967336358026622767e-01
3.727418999999999816e+00 9.967178484596632693e-01
3.738262999999999892e+00 9.965104340072337141e-01
3.749074999999999935e+00 9.967325136471707481e-01
3.759856000000000087e+00 9.968000048573868455e-01
3.770604000000000067e+00 9.967806200653677173e-01
3.781321000000000154e+00 9.969150177729840800e-01
3.792008000000000045e+00 9.969383673907211696e-01
3.802662999999999904e+00 9.969282905107840209e-01
3.813288000000000011e+00 9.969148318255248720e-01
3.823881999999999781e+00 9.968648321607231910e-01
3.834445999999999799e+00 9.968866283365344083e-01
3.844980000000000064e+00 9.969862915038676388e-01
3.855484999999999829e+00 9.970602061645943426e-01
3.865959999999999841e+00 9.970824511706558591e-01
3.876405999999999796e+00 9.970656353585641840e-01
3.886821999999999999e+00 9.970492611447342446e-01
3.897209999999999841e+00 9.970622776707633861e-01
3.907569000000000070e+00 9.970946468643308025e-01
3.917899999999999938e+00 9.971253052941513317e-01
3.928202999999999889e+00 9.971151855219309024e-01
3.938477999999999923e+00 9.970787671851254474e-01
3.948726000000000180e+00 9.970839882859726666e-01
3.958944999999999936e+00 9.970536624555325078e-01
3.969136000000000220e+00 9.969901894439437973e-01
3.979300999999999977e+00 9.969762715325718450e-01
3.989438999999999957e+00 9.969253187524061977e-01
3.999550000000000161e+00 9.968189372672719983e-01
4.009635000000000282e+00 9.967643062604722992e-01
4.019694000000000322e+00 9.967220499883144846e-01
4.029725000000000001e+00 9.966868414643454965e-01
4.039730999999999739e+00 9.965457999589637517e-01
4.049711000000000283e+00 9.963485160378575678e-01
4.059664999999999857e+00 9.964965620167548499e-01
4.069594999999999629e+00 9.964536076535738252e-01
4.079498000000000069e+00 9.961058130430973101e-01
4.089375999999999678e+00 9.961282868434998550e-01
4.099230000000000373e+00 9.962469498712643867e-01
4.109059000000000239e+00 9.961565458045847921e-01
4.118863000000000163e+00 9.960385099524573516e-01
4.128642000000000145e+00 9.958843481517559715e-01
4.138397999999999577e+00 9.959670414576915487e-01
4.148128999999999955e+00 9.960995107886245759e-01
4.157835999999999643e+00 9.957821675466187461e-01
4.167519999999999669e+00 9.956048970355483307e-01
4.177178999999999753e+00 9.957323879648252163e-01
4.186816000000000315e+00 9.958238078557770656e-01
4.196429000000000187e+00 9.958943389447610928e-01
4.206018000000000256e+00 9.956907166275830168e-01
4.215584999999999916e+00 9.954994258277586328e-01
4.225128999999999913e+00 9.957065138040257501e-01
4.234651000000000387e+00 9.957096849053650445e-01
4.244149000000000171e+00 9.953430695513760806e-01
4.253624000000000294e+00 9.952286103551264418e-01
4.263079000000000285e+00 9.953154836790771842e-01
4.272509999999999586e+00 9.953696757114139926e-01
4.281919000000000253e+00 9.954148604408339374e-01
4.291306999999999761e+00 9.953486284926638117e-01
4.300672999999999746e+00 9.952581282467258816e-01
4.310017000000000209e+00 9.950732296748622252e-01
4.319340000000000401e+00 9.948914656422210845e-01
4.328642000000000323e+00 9.947221851404108861e-01
4.337921999999999834e+00 9.945773778994809744e-01
4.347180999999999962e+00 9.944662447383868509e-01
4.356419999999999959e+00 9.943181750047627165e-01
4.365637000000000434e+00 9.941384570316307290e-01
4.374832999999999750e+00 9.939304655240909225e-01
4.384008999999999823e+00 9.937050654394528060e-01
4.393164999999999765e+00 9.935198404909074688e-01
4.402300000000000324e+00 9.933405438542217691e-01
4.411414999999999864e+00 9.933853897153706036e-01
4.420510000000000161e+00 9.934670639446587792e-01
4.429585000000000328e+00 9.932054551956290833e-01
4.438640999999999615e+00 9.929037361168802089e-01
4.447676000000000407e+00 9.928348953494287032e-01
4.456692000000000320e+00 9.927694186543203347e-01
4.465689000000000242e+00 9.926465240226414188e-01
4.474664999999999893e+00 9.925207064618036812e-01
4.483622999999999692e+00 9.924994625303980023e-01
4.492562000000000388e+00 9.924792185232311770e-01
4.501481000000000066e+00 9.924958967149219990e-01
4.510381999999999891e+00 9.925106770583101978e-01
4.519262999999999586e+00 9.923710529900415800e-01
4.528126000000000317e+00 9.922259969197542162e-01
4.536971000000000309e+00 9.923396330406656363e-01
4.545796000000000170e+00 9.924579466242814396e-01
4.554604000000000319e+00 9.922794016663353256e-01
4.563392999999999589e+00 9.920686602021104861e-01
4.572162999999999755e+00 9.922575522495147293e-01
4.580917000000000350e+00 9.925035822204755220e-01
4.589650999999999925e+00 9.925986109194279150e-01
4.598367999999999789e+00 9.926521953551106225e-01
4.607066999999999801e+00 9.926446486027232785e-01
4.615747999999999962e+00 9.926072189708055049e-01
4.624412000000000411e+00 9.926479968354671168e-01
4.633058000000000121e+00 9.927522440940788062e-01
4.641687000000000118e+00 9.929325615819787343e-01
4.650298000000000265e+00 9.932113781826936716e-01
4.658892999999999951e+00 9.933940427966545528e-01
4.667468999999999646e+00 9.933268654508291551e-01
4.676028999999999769e+00 9.932797119130897245e-01
4.684573000000000320e+00 9.934554332842803204e-01
4.693099000000000132e+00 9.936259901829507246e-01
4.701609000000000371e+00 9.935012625507889661e-01
4.710100999999999871e+00 9.933378449110396025e-01
4.718577999999999939e+00 9.933249055614231660e-01
4.727036000000000016e+00 9.933812249600937339e-01
4.735479999999999912e+00 9.933594560525678130e-01
4.743905999999999956e+00 9.932452593257462548e-01
4.752316999999999680e+00 9.931433375739795455e-01
4.760710999999999693e+00 9.930930839537706056e-01
4.769089000000000134e+00 9.930409382838459864e-01
4.777451000000000114e+00 9.930217560261113130e-01
4.785797999999999774e+00 9.930042343123924864e-01
4.794127999999999723e+00 9.931357287799682521e-01
4.802443000000000239e+00 9.933406313191387449e-01
4.810742000000000296e+00 9.934815316414140618e-01
4.819026000000000032e+00 9.935124911754606991e-01
4.827293000000000056e+00 9.935387472716737944e-01
4.835545999999999900e+00 9.934405207195011744e-01
4.843783000000000172e+00 9.933406259919111969e-01
4.852005000000000123e+00 9.933815411373244642e-01
4.860210999999999615e+00 9.934850705392842540e-01
4.868402999999999814e+00 9.935334793454192459e-01
4.876579000000000441e+00 9.934697700413662735e-01
4.884741000000000000e+00 9.934046612480441629e-01
4.892886999999999986e+00 9.933297677555541494e-01
4.901018999999999792e+00 9.932533428731182834e-01
4.909135000000000026e+00 9.931230218440637580e-01
4.917238000000000220e+00 9.929469940866940680e-01
4.925323999999999813e+00 9.928036629139348479e-01
4.933398000000000394e+00 9.929024548674816320e-01
4.941455999999999626e+00 9.930020602779011663e-01
4.949500999999999706e+00 9.929292700067685606e-01
4.957529000000000075e+00 9.927713644499230883e-01
4.965544999999999654e+00 9.927726152393888670e-01
4.973545999999999800e+00 9.933281786403757030e-01
4.981532999999999767e+00 9.938453359703446344e-01
4.989506000000000441e+00 9.936928654269014949e-01
4.997465000000000046e+00 9.932878201525563444e-01
5.005409000000000219e+00 9.929151414448673663e-01
5.013340000000000352e+00 9.927288239899867417e-01
5.021258000000000443e+00 9.925358624687549147e-01
5.029161000000000215e+00 9.926734920571880227e-01
5.037050999999999945e+00 9.929392830083274557e-01
5.044926000000000244e+00 9.931626350821989302e-01
5.052788999999999753e+00 9.932190950160949550e-01
5.060637999999999970e+00 9.932763998744476019e-01
5.068473000000000006e+00 9.931919653358665112e-01
5.076296000000000141e+00 9.930049036061131540e-01
5.084103999999999957e+00 9.928127717060859503e-01
5.091899999999999871e+00 9.930846970103387461e-01
5.099681999999999604e+00 9.933510804781156001e-01
5.107451000000000185e+00 9.934618130303854988e-01
5.115206999999999837e+00 9.933327642561629034e-01
5.122949000000000197e+00 9.932005552835654338e-01
5.130679999999999907e+00 9.932925048006793212e-01
5.138397000000000325e+00 9.934556663301811197e-01
5.146100999999999814e+00 9.935901195671136277e-01
5.153793000000000291e+00 9.934806604186411372e-01
5.161470999999999698e+00 9.933665435993137560e-01
5.169137000000000093e+00 9.934457750812580867e-01
5.176789999999999559e+00 9.937868659881136102e-01
5.184431000000000012e+00 9.941120951673652062e-01
5.192059999999999675e+00 9.940139456653139804e-01
5.199675000000000047e+00 9.937405071651639332e-01
5.207278999999999769e+00 9.934520700529114734e-01
5.214869000000000199e+00 9.936825733787074677e-01
5.222447999999999979e+00 9.939102102403037931e-01
5.230014999999999858e+00 9.940530399652818261e-01
5.237567999999999557e+00 9.939498367020332958e-01
5.245110999999999635e+00 9.938430799984389052e-01
5.252640999999999671e+00 9.937907018470051312e-01
5.260157999999999667e+00 9.938019638033285252e-01
5.267663999999999902e+00 9.938131589717970060e-01
5.275158000000000236e+00 9.938286600701249363e-01
5.282639999999999780e+00 9.938464015428042364e-01
5.290110999999999564e+00 9.938643584560311606e-01
5.297569000000000194e+00 9.939210002479329509e-01
