6.988050000000000095e-01 8.348830262325021012e-01
7.054350000000000342e-01 9.487596157057174295e-01
7.122249999999999970e-01 9.066743380480651870e-01
7.191800000000000415e-01 9.332715784459240105e-01
7.263169999999999904e-01 9.662587603193759644e-01
7.336439999999999628e-01 9.969705467225440376e-01
7.411480000000000290e-01 9.943929808748639410e-01
7.488550000000000484e-01 9.817094057638078297e-01
7.567639999999999922e-01 9.759920076192349914e-01
7.648749999999999716e-01 8.801460290988968316e-01
7.732109999999999816e-01 8.974169625328428657e-01
7.817619999999999569e-01 9.835567310248738426e-01
7.905440000000000245e-01 9.792150659224382325e-01
7.995679999999999454e-01 9.923992146382807356e-01
8.088269999999999627e-01 1.016294503300471108e+00
8.183420000000000138e-01 1.016670916693145355e+00
8.281209999999999960e-01 1.020516905812635988e+00
8.381629999999999914e-01 1.019974248763374503e+00
8.484770000000000367e-01 9.874244779572862729e-01
8.590719999999999468e-01 1.007163301232795849e+00
8.699550000000000338e-01 1.010049974778277848e+00
8.811350000000000016e-01 1.023619022640509524e+00
8.926159999999999650e-01 1.025916847970052448e+00
9.044060000000000432e-01 1.014496204916016886e+00
9.165079999999999893e-01 1.035409505612879366e+00
9.289260000000000295e-01 1.033773082353113715e+00
9.416799999999999615e-01 1.031935246340717205e+00
9.547579999999999956e-01 1.040911931575462468e+00
9.681659999999999711e-01 1.039546452613332894e+00
9.819160000000000110e-01 1.031699341630951228e+00
9.959980000000000500e-01 1.016213162829591399e+00
1.010421999999999931e+00 1.025730271574583519e+00
1.025187000000000070e+00 1.031386561670880164e+00
1.040286000000000044e+00 1.035947548901493542e+00
1.055719999999999992e+00 1.040923968479869899e+00
1.071490000000000054e+00 1.038175701624090008e+00
1.087587999999999999e+00 1.040871651431281464e+00
1.104006999999999961e+00 1.039330963179504908e+00
1.120740000000000069e+00 1.039661060739924370e+00
1.137777999999999956e+00 1.032988072887970343e+00
1.155116000000000032e+00 1.043625823462917879e+00
1.172739999999999894e+00 1.033250344782302044e+00
1.190638000000000085e+00 1.042215597791611881e+00
1.208795999999999982e+00 1.042894247903664917e+00
1.227203999999999962e+00 1.043830798703619056e+00
1.245846000000000009e+00 1.038311143002356829e+00
1.264704999999999968e+00 1.041527677494958226e+00
1.283770000000000078e+00 1.042779593804247451e+00
1.303020000000000067e+00 1.041647037740875748e+00
1.322446000000000010e+00 1.041200907429564948e+00
1.342024000000000106e+00 1.034902290588199048e+00
1.361742999999999926e+00 1.034290588460449412e+00
1.381585000000000063e+00 1.035761284867550591e+00
1.401534999999999975e+00 1.032639070332357356e+00
1.421578999999999926e+00 1.029662605394184194e+00
1.441699999999999982e+00 1.030206174487574788e+00
1.461883999999999961e+00 1.030749623704608098e+00
1.482118000000000047e+00 1.030205427154045283e+00
1.502388999999999974e+00 1.031269393274222956e+00
1.522683000000000009e+00 1.031497775482019597e+00
1.542990000000000084e+00 1.031357448813668976e+00
1.563298000000000076e+00 1.032338437697913225e+00
1.583596000000000004e+00 1.033279904551037687e+00
1.603874999999999940e+00 1.033922188925655572e+00
1.624125999999999959e+00 1.034863343774842903e+00
1.644339999999999913e+00 1.035775591188651479e+00
1.664509999999999934e+00 1.036591365126346975e+00
1.684628000000000014e+00 1.037015567520117365e+00
1.704688999999999899e+00 1.036241104527218404e+00
1.724685000000000024e+00 1.034988040826337885e+00
1.744612999999999969e+00 1.034835323998331669e+00
1.764467000000000008e+00 1.033758727649542797e+00
1.784242000000000106e+00 1.033058063497061640e+00
1.803935999999999984e+00 1.031427270863689349e+00
1.823541999999999996e+00 1.031707703410660537e+00
1.843061999999999978e+00 1.030057797084120708e+00
1.862489000000000061e+00 1.027705490691309675e+00
1.881822000000000106e+00 1.028392998214507026e+00
1.901059999999999972e+00 1.030180740108517456e+00
1.920201000000000047e+00 1.031161536446271842e+00
1.939241999999999910e+00 1.032522984546921929e+00
1.958183000000000007e+00 1.032713585602113460e+00
1.977022999999999975e+00 1.031503972068350095e+00
1.995762000000000036e+00 1.029074197318448736e+00
2.014396000000000075e+00 1.027402403600549130e+00
2.032928000000000068e+00 1.027740342231918902e+00
2.051358000000000015e+00 1.027623758261103859e+00
2.069682999999999939e+00 1.027968761800121644e+00
2.087905999999999818e+00 1.028287463492662424e+00
2.106025999999999954e+00 1.029609957840976753e+00
2.124042000000000208e+00 1.030421964079426544e+00
2.141954999999999831e+00 1.031744758504235859e+00
2.159766999999999992e+00 1.033047107669613718e+00
2.177477999999999803e+00 1.034147138172220926e+00
2.195085999999999871e+00 1.035303890324870579e+00
2.212593000000000032e+00 1.035469603611500977e+00
2.230001000000000122e+00 1.037168158383030780e+00
2.247310000000000141e+00 1.037831230141693206e+00
2.264520999999999784e+00 1.038215127989228881e+00
2.281633999999999940e+00 1.038636350805353548e+00
2.298649999999999860e+00 1.037982599820940433e+00
2.315570000000000128e+00 1.039539730899189829e+00
2.332393999999999856e+00 1.036053258947842615e+00
2.349124000000000212e+00 1.036005009535770016e+00
2.365762000000000143e+00 1.035642766883319243e+00
2.382305999999999813e+00 1.036361096185315578e+00
2.398759999999999781e+00 1.035585580771334335e+00
2.415122000000000213e+00 1.032165003989520269e+00
2.431395000000000195e+00 1.030455176513787929e+00
2.447579999999999867e+00 1.031072534929539763e+00
2.463677000000000117e+00 1.029100656389553281e+00
2.479687000000000197e+00 1.027062146016793021e+00
2.495610999999999802e+00 1.026959482727790807e+00
2.511448999999999820e+00 1.025363377175015689e+00
2.527204999999999924e+00 1.024567527790106514e+00
2.542876999999999832e+00 1.025379322250624670e+00
2.558467999999999964e+00 1.023552860925310393e+00
2.573977999999999877e+00 1.023776269199459632e+00
2.589407000000000014e+00 1.025762527472336760e+00
2.604757000000000211e+00 1.026159693221154523e+00
2.620028000000000024e+00 1.024330408561338945e+00
2.635222999999999871e+00 1.025401643531383078e+00
2.650341000000000058e+00 1.027752229293552810e+00
2.665382999999999836e+00 1.029101360128704012e+00
2.680349999999999788e+00 1.028282662899328459e+00
2.695244000000000195e+00 1.024557029019025123e+00
2.710064000000000028e+00 1.023583855296634759e+00
2.724810999999999872e+00 1.021348946970878302e+00
2.739488999999999841e+00 1.021389651082652339e+00
2.754094999999999960e+00 1.022154824348699309e+00
2.768629999999999924e+00 1.022014468722867830e+00
2.783097999999999850e+00 1.021666331834307773e+00
2.797496999999999900e+00 1.021960292779282575e+00
2.811828999999999912e+00 1.019836309084116044e+00
2.826095000000000024e+00 1.022282038864804621e+00
2.840292999999999957e+00 1.020086122318338617e+00
2.854427999999999965e+00 1.021032524315419243e+00
2.868497000000000074e+00 1.021684490643458343e+00
2.882503999999999955e+00 1.020909837426111189e+00
2.896446000000000076e+00 1.022994181010379755e+00
2.910327000000000108e+00 1.019089689078558347e+00
2.924147000000000052e+00 1.019548534865310163e+00
2.937905000000000211e+00 1.019458429256019594e+00
2.951604000000000116e+00 1.019991367460968634e+00
2.965241999999999933e+00 1.019235169134524721e+00
2.978822000000000081e+00 1.020902250749207152e+00
2.992344000000000115e+00 1.019802060866819682e+00
3.005808000000000035e+00 1.020226693347934921e+00
3.019216000000000122e+00 1.019841070872520516e+00
3.032566000000000095e+00 1.020360379084037872e+00
3.045860999999999930e+00 1.020483671583054752e+00
3.059101000000000070e+00 1.021211069267142335e+00
3.072286000000000072e+00 1.020568092313669517e+00
3.085418000000000216e+00 1.020850182050043742e+00
3.098495000000000221e+00 1.021151017876454903e+00
3.111520000000000064e+00 1.021114867816683480e+00
3.124493000000000187e+00 1.021214970225135854e+00
3.137413000000000007e+00 1.021817266135879976e+00
3.150282999999999944e+00 1.021945340267008007e+00
3.163101999999999858e+00 1.021986835634279389e+00
3.175870000000000193e+00 1.021899142835733354e+00
3.188590000000000035e+00 1.022889801026119150e+00
3.201259999999999994e+00 1.022532303325549785e+00
3.213881000000000210e+00 1.023460232396752545e+00
3.226453999999999933e+00 1.022528252822607175e+00
3.238980000000000192e+00 1.022734767615947726e+00
3.251457999999999959e+00 1.021994450307989410e+00
3.263888999999999818e+00 1.022405294363844863e+00
3.276273999999999909e+00 1.023275599564142269e+00
3.288613999999999926e+00 1.022657976701926597e+00
3.300907000000000036e+00 1.024521870195943096e+00
3.313156000000000212e+00 1.027114083014549761e+00
3.325359999999999872e+00 1.029703775411386912e+00
3.337521000000000182e+00 1.029376075535716195e+00
3.349638000000000115e+00 1.027881570782511966e+00
3.361711000000000116e+00 1.026699134823754855e+00
3.373740999999999879e+00 1.025566661419654801e+00
3.385728999999999989e+00 1.025329021917224415e+00
3.397676000000000140e+00 1.024844629703957954e+00
3.409581000000000195e+00 1.025807662482532967e+00
3.421443000000000012e+00 1.025393330959728289e+00
3.433265000000000011e+00 1.025478336086292019e+00
3.445047000000000192e+00 1.025681374185936523e+00
3.456789000000000112e+00 1.025670898297728728e+00
3.468490000000000073e+00 1.025568928923316525e+00
3.480153000000000052e+00 1.025780743290142238e+00
3.491776999999999909e+00 1.025469233000043001e+00
3.503360999999999947e+00 1.025131018942065708e+00
3.514907000000000004e+00 1.024725532601925337e+00
3.526415000000000077e+00 1.024515983779933803e+00
3.537885000000000169e+00 1.024577075137929061e+00
3.549317999999999973e+00 1.024416596405401725e+00
3.560715000000000074e+00 1.024569656390203365e+00
3.572074000000000193e+00 1.024504751170705052e+00
3.583397000000000165e+00 1.024194642776392161e+00
3.594683999999999990e+00 1.023843513831428798e+00
3.605935000000000112e+00 1.024013301785516417e+00
3.617150000000000087e+00 1.023876117232219052e+00
3.628331000000000195e+00 1.023575996913407060e+00
3.639476999999999851e+00 1.023326432812777131e+00
3.650586999999999804e+00 1.023323653440534109e+00
3.661664000000000030e+00 1.023462402751195155e+00
3.672706999999999944e+00 1.023388344845642228e+00
3.683715999999999990e+00 1.023218456538240062e+00
3.694691000000000169e+00 1.023060626777908322e+00
3.705633000000000177e+00 1.023434005753022014e+00
3.716542000000000012e+00 1.023288033141342757e+00
3.727418999999999816e+00 1.023050019417127698e+00
3.738262999999999892e+00 1.023074735037969640e+00
3.749074999999999935e+00 1.023389885381120301e+00
3.759856000000000087e+00 1.023303447608324035e+00
3.770604000000000067e+00 1.023095074322082576e+00
3.781321000000000154e+00 1.023687327982743200e+00
3.792008000000000045e+00 1.023577692835673236e+00
3.802662999999999904e+00 1.023531429289854744e+00
3.813288000000000011e+00 1.023967528338024735e+00
3.823881999999999781e+00 1.023653074689564013e+00
3.834445999999999799e+00 1.023397597556136018e+00
3.844980000000000064e+00 1.023296801910084319e+00
3.855484999999999829e+00 1.023718337022504921e+00
3.865959999999999841e+00 1.023831497394744217e+00
3.876405999999999796e+00 1.023730535081204929e+00
3.886821999999999999e+00 1.023825665585253564e+00
3.897209999999999841e+00 1.023917739775232594e+00
3.907569000000000070e+00 1.023986844450878619e+00
3.917899999999999938e+00 1.023875295880689373e+00
3.928202999999999889e+00 1.023864635115055988e+00
3.938477999999999923e+00 1.023918258995266228e+00
3.948726000000000180e+00 1.023863804970472913e+00
3.958944999999999936e+00 1.023920412196615670e+00
3.969136000000000220e+00 1.024080662268796127e+00
3.979300999999999977e+00 1.024027028490619440e+00
3.989438999999999957e+00 1.024134461629047088e+00
3.999550000000000161e+00 1.024486972755707548e+00
4.009635000000000282e+00 1.024454595420635883e+00
4.019694000000000322e+00 1.024461436538504078e+00
4.029725000000000001e+00 1.024831762013780567e+00
4.039730999999999739e+00 1.024656990550955271e+00
4.049711000000000283e+00 1.024209859207518614e+00
4.059664999999999857e+00 1.025514103471057314e+00
4.069594999999999629e+00 1.026061081286069987e+00
4.079498000000000069e+00 1.025440902692031697e+00
4.089375999999999678e+00 1.025701626420028933e+00
4.099230000000000373e+00 1.026149813506730846e+00
4.109059000000000239e+00 1.025805232603423045e+00
4.118863000000000163e+00 1.025863373328561590e+00
4.128642000000000145e+00 1.026468264387163210e+00
4.138397999999999577e+00 1.026498819777976967e+00
4.148128999999999955e+00 1.026343422254656357e+00
4.157835999999999643e+00 1.026246347796319291e+00
4.167519999999999669e+00 1.026384020121719809e+00
4.177178999999999753e+00 1.026971314514615541e+00
4.186816000000000315e+00 1.027358134608461038e+00
4.196429000000000187e+00 1.027627591041152311e+00
4.206018000000000256e+00 1.027921548259113527e+00
4.215584999999999916e+00 1.028283032461675850e+00
4.225128999999999913e+00 1.028953224815423839e+00
4.234651000000000387e+00 1.029493921541187351e+00
4.244149000000000171e+00 1.029872543371954663e+00
4.253624000000000294e+00 1.029357577690546588e+00
4.263079000000000285e+00 1.028188987371647434e+00
4.272509999999999586e+00 1.028670110683427508e+00
4.281919000000000253e+00 1.029598322947794076e+00
4.291306999999999761e+00 1.029936722515585545e+00
4.300672999999999746e+00 1.030328404435503220e+00
4.310017000000000209e+00 1.030985090475847743e+00
4.319340000000000401e+00 1.031493809275513929e+00
4.328642000000000323e+00 1.031631486496268568e+00
4.337921999999999834e+00 1.031432214127700142e+00
4.347180999999999962e+00 1.030791428174587354e+00
4.356419999999999959e+00 1.030073674359682778e+00
4.365637000000000434e+00 1.029283794787811512e+00
4.374832999999999750e+00 1.028964468731619064e+00
4.384008999999999823e+00 1.028866991768720762e+00
4.393164999999999765e+00 1.029019197415480091e+00
4.402300000000000324e+00 1.029248869432092262e+00
4.411414999999999864e+00 1.030167160362499557e+00
4.420510000000000161e+00 1.031212882335997172e+00
4.429585000000000328e+00 1.031139321516457041e+00
4.438640999999999615e+00 1.030974266101907677e+00
4.447676000000000407e+00 1.031094797699989796e+00
4.456692000000000320e+00 1.031226871584427052e+00
4.465689000000000242e+00 1.031693296740926469e+00
4.474664999999999893e+00 1.032163217535085442e+00
4.483622999999999692e+00 1.031968042798411700e+00
4.492562000000000388e+00 1.031813870795335930e+00
4.501481000000000066e+00 1.033041067173540606e+00
4.510381999999999891e+00 1.034242260905828603e+00
4.519262999999999586e+00 1.032622529062781069e+00
4.528126000000000317e+00 1.030944666429559176e+00
4.536971000000000309e+00 1.032229983547017449e+00
4.545796000000000170e+00 1.033572078877361688e+00
4.554604000000000319e+00 1.033227501921825553e+00
4.563392999999999589e+00 1.032732275501518249e+00
4.572162999999999755e+00 1.033523097709532657e+00
4.580917000000000350e+00 1.034492543260163711e+00
4.589650999999999925e+00 1.033332163340048293e+00
4.598367999999999789e+00 1.031559814885898874e+00
4.607066999999999801e+00 1.030924770521783884e+00
4.615747999999999962e+00 1.030838612274188160e+00
4.624412000000000411e+00 1.031160509465330444e+00
4.633058000000000121e+00 1.031814110455904210e+00
4.641687000000000118e+00 1.031870873409022948e+00
4.650298000000000265e+00 1.031109292434569724e+00
4.658892999999999951e+00 1.030544560046602109e+00
4.667468999999999646e+00 1.030468910445703878e+00
4.676028999999999769e+00 1.030438854201934262e+00
4.684573000000000320e+00 1.030888308144055188e+00
4.693099000000000132e+00 1.031324775480079836e+00
4.701609000000000371e+00 1.031117252444765375e+00
4.710100999999999871e+00 1.030827908837349760e+00
4.718577999999999939e+00 1.031115318105649381e+00
4.727036000000000016e+00 1.031662216112519292e+00
4.735479999999999912e+00 1.032163677135662816e+00
4.743905999999999956e+00 1.032622686050890470e+00
4.752316999999999680e+00 1.032859338962377249e+00
4.760710999999999693e+00 1.032236376804883449e+00
4.769089000000000134e+00 1.031590687523776584e+00
4.777451000000000114e+00 1.031987401699263618e+00
4.785797999999999774e+00 1.032445085198944623e+00
4.794127999999999723e+00 1.032616213646848857e+00
4.802443000000000239e+00 1.032641088075741953e+00
4.810742000000000296e+00 1.032540253342171255e+00
4.819026000000000032e+00 1.032216056583492358e+00
4.827293000000000056e+00 1.031901507576916011e+00
4.835545999999999900e+00 1.031878546975616207e+00
4.843783000000000172e+00 1.031855192826850232e+00
4.852005000000000123e+00 1.031494081432712928e+00
4.860210999999999615e+00 1.030983115141196560e+00
4.868402999999999814e+00 1.030866960182402314e+00
4.876579000000000441e+00 1.031554099105350675e+00
4.884741000000000000e+00 1.032257370608880898e+00
4.892886999999999986e+00 1.031000878632203799e+00
4.901018999999999792e+00 1.029628937637706576e+00
4.909135000000000026e+00 1.029161393326421203e+00
4.917238000000000220e+00 1.029447515642796018e+00
4.925323999999999813e+00 1.029501659084594234e+00
4.933398000000000394e+00 1.027934521000134716e+00
4.941455999999999626e+00 1.026359616054370205e+00
4.949500999999999706e+00 1.026111458684434208e+00
4.957529000000000075e+00 1.026489123182930063e+00
4.965544999999999654e+00 1.026961476207133961e+00
4.973545999999999800e+00 1.027677547816807646e+00
4.981532999999999767e+00 1.028344294536370329e+00
4.989506000000000441e+00 1.027181129433511808e+00
4.997465000000000046e+00 1.025274953457342209e+00
5.005409000000000219e+00 1.023700187523641780e+00
5.013340000000000352e+00 1.023588991296096706e+00
5.021258000000000443e+00 1.023473811288684532e+00
5.029161000000000215e+00 1.023148424978411519e+00
5.037050999999999945e+00 1.022752958657204836e+00
5.044926000000000244e+00 1.022298110567003482e+00
5.052788999999999753e+00 1.021442100260975261e+00
5.060637999999999970e+00 1.020574843632711559e+00
5.068473000000000006e+00 1.020467347376138756e+00
5.076296000000000141e+00 1.020900186101652896e+00
5.084103999999999957e+00 1.021347797655519640e+00
5.091899999999999871e+00 1.022562864083073286e+00
5.099681999999999604e+00 1.023755326694709700e+00
5.107451000000000185e+00 1.023944090967065623e+00
5.115206999999999837e+00 1.022563809330642393e+00
5.122949000000000197e+00 1.021153210095444352e+00
5.130679999999999907e+00 1.021935719064918979e+00
5.138397000000000325e+00 1.023419864966484738e+00
5.146100999999999814e+00 1.024745296909248982e+00
5.153793000000000291e+00 1.024786041272527370e+00
5.161470999999999698e+00 1.024828532388571745e+00
5.169137000000000093e+00 1.024893315016673467e+00
5.176789999999999559e+00 1.024983795703704015e+00
5.184431000000000012e+00 1.025070025812573116e+00
5.192059999999999675e+00 1.024961339236885483e+00
5.199675000000000047e+00 1.024768271825648780e+00
5.207278999999999769e+00 1.024564578002290061e+00
5.214869000000000199e+00 1.024304373224343978e+00
5.222447999999999979e+00 1.024051814399284499e+00
5.230014999999999858e+00 1.023729254177281556e+00
5.237567999999999557e+00 1.023157748965076053e+00
5.245110999999999635e+00 1.022567112348236940e+00
5.252640999999999671e+00 1.022317038846911830e+00
5.260157999999999667e+00 1.022462450992189353e+00
5.267663999999999902e+00 1.022607038522929557e+00
5.275158000000000236e+00 1.022635942834156930e+00
5.282639999999999780e+00 1.022609963522763010e+00
5.290110999999999564e+00 1.022583671024513308e+00
5.297569000000000194e+00 1.022444613794751822e+00
